1 0.8086450541952709 0.2464147261282423 0.4580065629731313 0.2169713980304168 0.4520589983463336 0.44082640188855327 0.8026974895684732 0.4702697299863787
0 0.11773334371796172 0.4363026544162563 0.11690304013270147 0.42656042568253594 0.10107747544832105 0.4308232040486989 0.10190777903358131 0.44056543278241933
0 0.5433570322914238 0.7752595848802462 0.5298312054189632 0.7653583259932161 0.5079779504482901 0.859708887136439 0.5215037773207507 0.8696101460234691
0 0.6375299177595112 0.7660969930021311 0.6358359273835341 0.7320434428799271 0.5938496453055935 0.7386444607727554 0.5955436356815705 0.7726980108949593
0 0.46725875370234754 0.7215109086424049 0.4525054339580321 0.718232393143668 0.45147759955934613 0.7328504823694239 0.46623091930366156 0.7361289978681607
0 0.7158610968184547 0.8270302927828345 0.7031986965097332 0.8045193589006617 0.6736530957893824 0.8570448712923935 0.6863154960981038 0.8795558051745661
0 0.47884826488353976 0.07069824197155593 0.4787453696457525 0.061186148878332895 0.46257779937145554 0.06173888632360799 0.4626806946092428 0.07125097941683102
0 0.020940798042462412 0.15368212403071324 0.014114351946976349 0.1312773778711692 -0.003227916119181176 0.14797733971265417 0.0035985299763048872 0.17038208587219822
0 0.13421072598826905 0.3246719887689867 0.12408080574129199 0.3246719887689867 0.12408080574129199 0.3401080577167613 0.13421072598826905 0.3401080577167613
0 0.27814355638824484 0.3144064984720192 0.26452349555197313 0.29987843357999583 0.25937341004825787 0.31513794618359653 0.2729934708845296 0.3296660110756198
0 0.2804864729970249 0.2752716662348154 0.2651280497557151 0.23864453221759943 0.24018430248980063 0.27170129627101325 0.2555427257311105 0.3083284302882292
0 0.4143753751822311 0.21524740588285718 0.4097445544978987 0.19878226567189772 0.3890988122802502 0.21713403653203 0.39372963296458263 0.23359917674298947
0 0.3705603536324383 0.36337392768943616 0.3659506708234206 0.32786229716070736 0.31733355759956583 0.34780777950895536 0.3219432404085835 0.3833194100376842
0 0.0432596878065513 0.10901985145398142 0.029653122457388697 0.10633213484180115 0.028964852614824052 0.1173444523228355 0.04257141796398666 0.12003216893501574