1 0.71999509508898 0.25471172281868754 0.6415688968567141 -0.007850242553846599 0.3555484670378079 0.26216069049053553 0.43397466527007367 0.5247226558630698
1 0.8212108298186733 0.47303696474313267 0.6260227150277777 0.17932068380935032 0.3753885696512677 0.7057263224762385 0.5705766844421633 0.9994426034100208
0 0.09280629249886525 0.04270018259740091 0.06833447587434448 0.007895821175860332 0.062028276974948754 0.021909596507850886 0.08650009359946953 0.05671395792939146
0 0.10748074994836875 0.03551259978007913 0.10179497898979496 0.031300917588543004 0.09845544484243988 0.04554959661725804 0.10414121580101367 0.04976127880879417
0 0.08989107726739667 0.15709429502678185 0.08858975250015277 0.1497683185593347 0.07935532838152184 0.15495255666102226 0.08065665314876576 0.1622785331284694
0 0.01921396570226001 0.09996940598947276 0.008262700570392866 0.08606303756805425 0.0015974216434082762 0.10265217623077154 0.01254868677527542 0.11655854465219005
0 0.05813984649686988 0.1226309921962095 0.05211013206414542 0.1226309921962095 0.05211013206414542 0.13849584083697788 0.05813984649686988 0.13849584083697788
0 0.007000446920372307 0.17174935518130777 0.005731423944377378 0.16347720541185928 -0.0010565914982881806 0.16676836441436377 0.0002124314777067482 0.17504051418381225
0 0.06875214389846492 0.18394648829431426 0.06199886373381354 0.18394648829431426 0.06199886373381354 0.1908069633822141 0.06875214389846492 0.1908069633822141
0 0.03149847678967569 0.22940478012219026 0.027001502084063884 0.21991116685478757 0.018787017864338 0.23220887422466963 0.023283992569949806 0.24170248749207227
0 0.0634459951976674 0.34345253408798543 0.06167139943330183 0.33544410192059204 0.049625007788247966 0.3438806320962526 0.05139960355261354 0.351889064263646
0 0.028783499587182154 0.3038044964905789 0.026987789011597055 0.29502546700994065 0.01829267672452374 0.3006465497005739 0.02008838730010884 0.30942557918121216
0 0.1075265951809016 0.17881076747710833 0.10541280764942965 0.172798216276477 0.09936412332860223 0.1795189766329519 0.1014779108600742 0.18553152783358326
0 0.03200635476727348 0.2694502035442424 0.025792202010724505 0.25103789908039353 0.014725902581253739 0.26284195180516234 0.020940055337802715 0.2812542562690112
0 0.061698087390345845 0.25521471773685017 0.05817389664896052 0.24790528508805101 0.05008982304009844 0.2602238734444124 0.05361401378148376 0.2675333060932115
0 0.05858511771651723 0.22349316920966 0.05190604942180707 0.21557723641592938 0.04923442210392299 0.2227015759302869 0.055913490398633144 0.2306175087240175
0 0.02575957061497096 0.21229387046817688 0.015553037525789855 0.20074708555920426 0.012474336274257591 0.209347901753961 0.022680869363438695 0.22089468666293366
0 0.011590451076237039 0.2950004287796928 2.03215123604333e-17 0.2950004287796928 2.1104245031293012e-17 0.317725752508361 0.011590451076237039 0.317725752508361
0 0.03377980018866307 0.31129405711345487 0.015449468313180696 0.31129405711345487 0.015449468313180698 0.3284452448332045 0.03377980018866307 0.3284452448332045
0 0.005801925220821565 0.44035674470457054 3.033458313105378e-17 0.44035674470457054 3.133884391630775e-17 0.4695137638281448 0.005801925220821567 0.4695137638281448
0 0.013794829043760386 0.5514213412533253 0.013447682407701982 0.5424726724127089 -0.0001489946004204594 0.5441396979462718 0.00019815203563794404 0.5530883667868882
0 0.8840474929966085 0.28634568082600814 0.8236575838319373 0.21477245514936064 0.8092233751283692 0.25326367835887553 0.8696132842930403 0.324836904035523
0 0.45683592661609423 0.5242311075893767 0.45097646294382326 0.5153024010411542 0.4459710905864933 0.5256839140785792 0.4518305542587643 0.5346126206268017