1 0.7605781114743803 0.7314018809911003 0.6606169235650684 0.46117461470704996 0.3321778870557236 0.8451575786712708 0.43213907496503545 1.1153848449553212
0 0.02666799646314695 0.06563805894909569 0.014279377782722251 0.04990647967236593 0.010335618613210579 0.059722058049817214 0.022724237293635277 0.07545363732654697
0 0.0286907212074436 0.10277849241059936 0.02664061830031727 0.09184461023925901 0.018970821541891756 0.09638967498499268 0.021020924449018083 0.10732355715633302
0 0.0872055694260972 0.3337361196459743 0.0842063332315814 0.31347461290968986 0.07894704759632319 0.31593509741741305 0.08194628379083899 0.3361966041536975
0 0.04634090129491468 0.43073492839379096 0.021257289254780917 0.3972901123402793 0.012921812022982607 0.4170482805934308 0.03800542406311637 0.4504930966469425
0 0.06209533916473714 0.42843666923934465 0.05543853443100935 0.42251950947603095 0.05100066460852409 0.4382986021782005 0.05765746934225188 0.44421576194151424
0 0.04159172172825405 0.5730140702487545 0.04008952867699497 0.5626656292289699 0.029505232680960676 0.5675215069619176 0.031007425732219755 0.5778699479817022
0 0.007151726748771917 0.5502734511871542 0.006629177186686326 0.52948445239283 -0.0004938004953005913 0.53005031428061 0.000028749066784999194 0.5508393130749342
0 0.019315906737118457 0.6077721266813106 0.017935565956211666 0.5987743497391036 0.010466141246627467 0.6023958889922354 0.011846482027534258 0.6113936659344424
0 0.06079292084726864 0.6028642483491979 0.059724167793688505 0.5965308969205747 0.052488510474419145 0.6003899141575183 0.05355726352799928 0.6067232655861415
0 0.004595982334276687 0.6388817425606719 4.4010252059659325e-17 0.6388817425606719 4.460099369804401e-17 0.6560329302804215 0.004595982334276688 0.6560329302804215
0 0.008522692830963963 0.6906357189351782 0.005008660502936302 0.6847789983884655 -0.0016616327395848618 0.6974278507594686 0.001852399588442799 0.7032845713061814
0 0.0071475403645410995 0.8043224817926 0.005106037387137163 0.7983996027840825 -0.0020415029774039084 0.8061858595216252 2.7755575615628914e-17 0.8121087385301428
0 0.47689144853232546 0.8005317077558202 0.4710064472459863 0.7796072587377257 0.46618267569980676 0.7838950556676632 0.4720676769861459 0.8048195046857576
0 0.9359829478138727 0.7735929573201514 0.8782939033091849 0.7218010151426095 0.8716018175213225 0.7453595129656674 0.9292908620260103 0.7971514551432093
0 0.956003715748107 0.29734156546502677 0.9460896878380929 0.21192840193259663 0.9326059757258769 0.21687480778681337 0.9425200036358911 0.3022879713192435
0 0.4241787602572704 0.4303958626057931 0.4212473913945922 0.42257887897198404 0.41456832309988184 0.4304948117657145 0.4174996919625601 0.43831179539952353
1 0.6426768732002693 0.0009984331450860998 0.602566390067939 -0.009805737395608614 0.5830937683056691 0.2186730246150338 0.6232042514379994 0.2294771951557285