1 0.7832908978846446 0.7939831313851269 0.7427420568023484 0.0010280168868907048 0.5649208357924245 0.02976680008041377 0.6054696768747206 0.82272191457865
0 0.16300703356181698 0.13622721409696595 0.143902701320465 0.12048814363254585 0.14008762245313883 0.13512376782532923 0.1591919546944908 0.15086283828974933
0 0.016332589565481243 0.2020805710026187 0.015527390776618959 0.19062885489435513 0.004514349277341295 0.1930761974497502 0.005319548066203579 0.20452791355801375
0 0.0693046422199493 0.18321902694200587 0.06911145605217303 0.1722288805085117 0.055354530214327055 0.1729931541661698 0.055547716382103325 0.18398330059966395
0 0.03666274379685808 0.2507571754037106 0.0340218594828576 0.24345398915264763 0.0248061919657521 0.25398618060076816 0.027447076279752576 0.26128936685183124
0 0.06995808678500981 0.27870680044593077 0.06873787238501466 0.27350055233928483 0.06202455245802394 0.27847338191483356 0.0632447668580191 0.28367963002147945
0 0.029438405797101427 0.3524569076408541 0.01834373124088845 0.34259497470199796 0.016558935768802005 0.3489409141583052 0.027653610325014982 0.35880284709716137
0 0.04461903651420311 0.32954299590717107 0.0316740180804293 0.32515949760155444 0.030394715867306826 0.3370996515906974 0.04333973430108064 0.341483149896314
0 0.052989760993154625 0.3329852651119617 0.051613567346156325 0.3231989991777517 0.04207952476076614 0.32743635143792515 0.04345571840776444 0.3372226173721351
0 0.06376881683191174 0.30816726365993136 0.05934393408666624 0.30204890727144373 0.054876379516204554 0.3122604605753562 0.05930126226145005 0.3183788169638438
0 0.07092284109424571 0.33144670268416065 0.06558139650408593 0.31957682581713887 0.06246359294375035 0.3240110353251716 0.06780503753391012 0.3358809121921935
0 0.007284942874378808 0.39475773057145774 0.004994903233770373 0.38712426510276293 -0.0019027562522459102 0.3936642681709858 0.00038728338836252485 0.40129773363968063
0 0.014198973289433994 0.5126659594210605 0.007111606295449435 0.48005480671671324 -0.003083088591665867 0.4870572234068531 0.004004278402318692 0.5196683761112003
0 0.0099021310350742 0.45193379641540143 3.12945382934289e-17 0.45193379641540143 3.206250242332899e-17 0.4742303404510759 0.0099021310350742 0.4742303404510759
0 0.0478735299510008 0.4375208845281498 0.04753253920377086 0.42721538638964507 0.03988353456407887 0.4280152822996783 0.040224525311308816 0.438320780438183
0 0.042758701680561645 0.4104610358128683 0.04184409549136028 0.3942013702270662 0.036089001715967815 0.3952244980093582 0.037003607905169184 0.4114841635951603
0 0.05399140296715547 0.4113712374581937 0.05179658691364373 0.39966555183946467 0.04825111482720175 0.401766572335134 0.05044593088071349 0.41347225795386305
0 0.029920782951719432 0.7362147328702507 0.017861354086270508 0.7362147328702507 0.017861354086270508 0.7486493439670692 0.029920782951719432 0.7486493439670692
0 0.0034700434636196764 0.8115021930716844 0.0006369600774732281 0.8104229232102953 -0.0011566593669537911 0.82530332156406 0.0016764240191926572 0.8263825914254492
0 0.011493975645313459 0.821370400835316 0.008281343795557866 0.8137552734877471 -0.0008645270559985985 0.8259497679564889 0.0023481047937569943 0.8335648953040579
0 0.5293967876207838 0.938919285155672 0.4936083768023779 0.897817157490089 0.47493146794924623 0.949214191289879 0.5107198787676521 0.9903163189554621
0 0.965427337757692 0.8325160964944831 0.951597812466499 0.792564134542148 0.9304974349563435 0.815648308228472 0.9443269602475365 0.8556002701808071
0 0.8582588681920331 0.6189863805081439 0.8529527194912356 0.6189863805081439 0.8529527194912356 0.6339936697629248 0.8582588681920331 0.6339936697629248
0 0.9930350451922904 0.5617014135241803 0.984834633563785 0.5544121587432868 0.9773095499517448 0.581168011586096 0.9855099615802502 0.5884572663669896
0 0.804255038202802 0.5213934662253785 0.7988667146327442 0.5050524065096481 0.7819438141544082 0.522688532678642 0.787332137724466 0.5390295923943724
0 0.4381083370778276 0.2906268837623474 0.4287019825627775 0.2906268837623474 0.4287019825627775 0.3043478339381471 0.4381083370778276 0.3043478339381471