1 0.7643598100176833 0.02995186196179765 0.6704739941687311 -0.16110167091434727 0.4619933822375506 0.1626898943371874 0.5558791980865028 0.3537434272133323
1 0.7441915925137161 0.3076304372259069 0.7054440470182509 0.13538582148082703 0.425574539044147 0.3343656593008901 0.46432208453961227 0.5066102750459699
1 0.8470230062480592 0.8941063969738912 0.8238721219823156 0.6531590236918057 0.47041287970617995 0.760493607408175 0.4935637639719235 1.0014409806902604
0 0.21965145136131747 0.33954716228963694 0.2190387020027487 0.33301116913157025 0.20472383400895094 0.337252611500103 0.2053365833675197 0.3437886046581697
0 0.1362849455449789 0.7550810393619753 0.12557060682221463 0.7498862084660897 0.11588595779488492 0.8130157724960909 0.1266002965176492 0.8182106033919766
0 0.6309349820647167 0.8285280848610994 0.6278623056688626 0.8139613226881611 0.6185583737003408 0.820163944000509 0.621631050096195 0.8347307061734471
0 0.7682514332530348 0.5537117198994476 0.7596279789602656 0.5458141455976522 0.7540935937537998 0.5649132004278086 0.762717048046569 0.5728107747296041
0 0.7452420281801844 0.035828134651624266 0.732352518830393 0.03419137155958724 0.7320341988806451 0.04211400141997917 0.7449237082304365 0.04375076451201619
0 0.5056402731826802 0.22127308864811454 0.5020245789352342 0.21392691620885898 0.4949212551716564 0.22497653095220185 0.4985369494191024 0.23232270339145739
0 0.4995930250756803 0.18680056462082698 0.4870657717550164 0.14165730941122737 0.4677222340474043 0.15862230840812577 0.4802494873680682 0.20376556361772538
0 0.34307670204650326 0.526556248502967 0.3419023631804333 0.5015036860268087 0.333319376567231 0.502775239599135 0.3344937154333009 0.5278278020752932