1 1.0378342624449388 0.550622282932492 0.7093149417176094 -0.038374987599518046 0.4657212660058458 0.3910314876775753 0.794240586733175 0.9800287582095853
0 0.1664335177086012 0.166366520881571 0.16136855758511265 0.166366520881571 0.16136855758511265 0.1796586913643769 0.1664335177086012 0.1796586913643769
0 0.11698985936026061 2.3265010203051326e-17 0.09673001886630643 2.1059574753081825e-17 0.09673001886630643 0.006860475087899855 0.11698985936026061 0.006860475087899858
0 0.1213147339862531 0.10811709327309268 0.11956033488281383 0.09979994196789903 0.11202732178330052 0.10482195070090787 0.1137817208867398 0.11313910200610151
0 0.03178644753502119 0.12196260032183694 0.02433797676518509 0.11401756483401175 0.01927301664169655 0.12902485408879263 0.026721487411532647 0.13696988957661782
0 0.09311219020667175 0.08061058228282306 0.08901198439241911 0.08061058228282306 0.08901198439241911 0.0909012949146728 0.09311219020667175 0.0909012949146728
0 0.13192499818593198 0.2617205279927172 0.12929047680301853 0.25469513763828133 0.11854830862902635 0.2674265962148647 0.1211828300119398 0.2744519865693006
0 0.16603626593420998 0.19398497757734415 0.1645040090901294 0.1830889289083268 0.15332420915368966 0.1880577288800778 0.15485646599777023 0.19895377754909516
0 0.17138194851945732 0.19270515662984927 0.16879391378541153 0.18534363560856348 0.163200506779055 0.19155853228229297 0.1657885415131008 0.19892005330357876
0 0.1406448929040258 0.18120889486981578 0.13641481631737604 0.1699286906387497 0.12884520558337118 0.178900081138311 0.13307528217002093 0.19018028536937706
0 0.11721809695559735 0.0314470697329253 0.10372148448201235 0.02126780645318444 0.10144849329819 0.03079272189015433 0.114945105771775 0.04097198516989519
0 0.12975988210160982 0.08603892537880947 0.1143172172948386 0.07089209706258941 0.11056021601037568 0.08299799009030326 0.1260028808171469 0.09814481840652332
0 0.1347835906637446 0.08673430744568107 0.12571137915579841 0.08487334098251269 0.12442797424442441 0.10464728332072035 0.13350018575237058 0.10650824978388876
0 0.14561356694648275 0.12564511766566955 0.141301322472501 0.11615361660124408 0.13303181474306566 0.1280277815460743 0.1373440592170474 0.13751928261049975
0 0.14895635687367922 0.11331917883167142 0.1433963658228363 0.1125284245488849 0.1426747173292028 0.1285650577407414 0.14823470838004574 0.12935581202352792
0 0.09470403481691098 0.015950604579367145 0.08963907469342244 -0.0020581425263699327 0.08423645056170133 0.002744190035159935 0.08930141068518986 0.020752937140897012
0 0.10368318819434404 0.015703322044092638 0.09838034344666031 -0.005036692969070302 0.09129336401751295 0.0006901590948871834 0.09659620876519667 0.021430174108050124
0 0.1310213595342947 0.07019375797656349 0.1292337265495341 0.05748170119604315 0.12316144942669632 0.06018049102841537 0.12494908241145691 0.07289254780893571
0 0.14414769316525158 0.24388988937483896 0.13893801989537763 0.23925906869050673 0.13421072378012178 0.2560672326558615 0.13942039704999573 0.26069805334019375
0 0.008213810993911337 0.2285395763656632 1.5876181531588515e-17 0.2285395763656632 1.6511228792852055e-17 0.246977103164394 0.008213810993911337 0.246977103164394
0 0.045067511400792556 0.2775401917569895 0.02878915917770236 0.2640800555518504 0.026230351060942826 0.2738603887981313 0.04250870328403302 0.28732052500327043
0 0.10613637338135659 0.16851041934653962 0.09311219020667175 0.16851041934653962 0.09311219020667175 0.18051625075036434 0.10613637338135659 0.18051625075036434
0 0.10521985678758247 0.13223565731926928 0.09914190463939622 0.1286339078981219 0.09603057199211042 0.14522768201697964 0.10210852414029667 0.148829431438127
0 0.09795949234575953 0.14069202950840926 0.09049441174563527 0.13921744568616246 0.08931494077611207 0.15808898119853323 0.09678002137623633 0.15956356502078003
0 0.11512973375717905 0.11372647144855873 0.10854825915444637 0.10933882171340358 0.10703174467520224 0.11652822368907945 0.11361321927793491 0.12091587342423457
0 0.14319238748069377 0.20241053754828178 0.13289835954193946 0.19427698460901915 0.12948690873711555 0.20792278782831478 0.13978093667586985 0.2160563407675774
0 0.10762342571317884 0.28513258163817484 0.1067850874858428 0.26724803278833936 0.10021810470504386 0.2682209191262355 0.1010564429323799 0.286105467976071
0 0.12822640955018483 0.33116925700045885 0.12589964915732169 0.3146234053178769 0.12011112330190621 0.3171960834758394 0.12243788369476934 0.3337419351584213
0 0.10637756195866556 0.2950004287796928 0.10253709768920725 0.2904487674232977 0.09693410150864482 0.30539009057146416 0.10077456577810312 0.3099417519278592
0 0.10295268416087808 0.2913986793585454 0.09576897515056756 0.2898022995784765 0.09456674285751979 0.30690071441293443 0.1017504518678303 0.30849709419300336
0 0.012314016808163977 0.32372866821027335 0.006043113798130536 0.32372866821027335 0.006043113798130537 0.34473887316696655 0.012314016808163979 0.34473887316696655
0 0.09189833949792003 0.4586396296468118 0.08568279124333453 0.4494314100103889 0.07558054837408146 0.4709828614647955 0.08179609662866696 0.48019108110121844
0 0.07680854658081054 0.47118944738747953 0.06855320733469913 0.4572857181308707 0.06433223118173557 0.4652065622697654 0.07258757042784698 0.47911029152637397
0 0.0752392849433271 0.2578000940358222 0.07104759380664694 0.23917035565057695 0.06447728428685061 0.2438425757535432 0.06866897542353077 0.26247231413878847
0 0.08587653288740242 0.38761684246634054 0.07526423548580737 0.38761684246634054 0.07526423548580737 0.39747877540519655 0.08587653288740242 0.39747877540519655
0 0.009660942457765193 0.3696080953606036 0.006794333279628376 0.3603712435643848 -0.002856446669460569 0.3698371426715372 0.000010162508676248017 0.3790739944677559
0 0.0188261083955064 0.3627476202727037 0.00893737672583828 0.3627476202727037 0.008937376725838282 0.37947002829945947 0.0188261083955064 0.37947002829945947
0 0.027547487350999045 0.37427321842037536 0.019964518480404772 0.3562987736900778 0.014253172969728167 0.36391390103764665 0.02183614184032244 0.38188834576794417
0 0.034544182449057645 0.3619098507187005 0.024258417275204003 0.3299096924000447 0.015634997988033736 0.3386699913584399 0.025920763161887378 0.3706701496770957
0 0.04299349550423695 0.4495958884622022 0.02739595902721252 0.4360143601012557 0.022426032226257872 0.45405335367509103 0.0380235687032823 0.46763488203603765
0 0.0941967071198128 0.29026610954877574 0.0935546464933213 0.276568816183624 0.08854457756328928 0.2773110486177028 0.08918663818978077 0.2910083419828545
0 0.10275973329903089 0.28513849584083684 0.10074073389621815 0.27508836548016913 0.09736409381389244 0.27723226394513784 0.09938309321670519 0.28728239430580554
0 0.09959830763953477 0.17831298278944274 0.09478937846734342 0.17724433186228908 0.09363167329626032 0.19370947207324868 0.09844060246845165 0.19477812300040231
0 0.041015457507932424 0.40819826773004003 0.03160910299288226 0.40819826773004003 0.03160910299288226 0.42320555698482093 0.041015457507932424 0.42320555698482093
0 0.08748766018338539 0.3112108363761258 0.07638864547282492 0.30609524111858355 0.07503017716206921 0.315410452392337 0.08612919187262968 0.32052604764987924
0 0.08547415974867228 0.34225822577237847 0.08322228200735822 0.3235759808074024 0.07254880506420186 0.3276420672619381 0.07480068280551594 0.34632431222691423
0 0.03160910299288225 0.22382299974273204 0.02027323985936026 0.22382299974273204 0.02027323985936026 0.24226052654146285 0.03160910299288225 0.24226052654146285
0 0.028332732319100717 0.47803154469570575 0.02443035533792172 0.4669314501714634 0.014154095954150472 0.4783495161534317 0.01805647293532947 0.489449610677674
0 0.024782553649610517 0.45551097791900436 0.011558379514065131 0.44805670089951 0.008007692539465122 0.46796482615880586 0.021231866675010508 0.4754191031783003
0 0.028352092444901826 0.48292256238744496 0.015808356916216494 0.47886802161049613 0.01464679272789643 0.4902255381185144 0.02719052825658176 0.4942800788954632
0 0.06580797988579672 0.49759144096590724 0.06219846807365542 0.4815491662452794 0.043776650875745525 0.494649125141571 0.04738616268788682 0.5106913998621988
0 0.09667581918601226 0.5229570574728588 0.09365418700961325 0.5143621926155463 0.0871935851185503 0.5215406391611718 0.0902152172949493 0.5301355040184844
0 0.09258227953681772 0.6051333379654055 0.08282206440834347 0.5988237039429574 0.0807305897379561 0.6090486912204067 0.09049080486643035 0.6153583252428548
0 0.11344243627594826 0.5549293931043174 0.10754872618752116 0.5415412121627052 0.10377679697145811 0.5467891136807059 0.10967050705988521 0.5601772946223181
0 0.12153531166511368 0.5000825697382807 0.11357946412882806 0.4945360093643996 0.10390620282762557 0.5383881272631842 0.11186205036391118 0.5439346876370652
0 0.1465496476439816 0.5392913532791552 0.14604489779327842 0.5204473588529033 0.1419425092769687 0.5207946510024323 0.14244725912767187 0.5396386454286842
0 0.16837289158622956 0.5209358791114618 0.1656072172089066 0.5137246392535529 0.15682849728502013 0.5243655118885668 0.15959417166234308 0.5315767517464756
0 0.043357508518691454 0.6843806708413482 0.04058286995238365 0.671696608823941 0.027791469318801276 0.6805400462990101 0.03056610788510908 0.6932241083164175
0 0.05250102389633585 0.648078327700055 0.04393467097812043 0.6419866989582128 0.04162258737495157 0.6522626260834076 0.05018894029316699 0.6583542548252498
0 0.06266567921225602 0.6461457750066835 0.05713252949752062 0.6408995293512307 0.05238553770605539 0.6567228353227816 0.05791868742079079 0.6619690809782344
0 0.1008890812787761 0.6328034611448033 0.08992529062629048 0.6174156847904375 0.08711005194234267 0.6237551852342903 0.09807384259482829 0.6391429615886561
0 0.0900758572950697 0.6697949963171932 0.08806374984875232 0.6602561165716886 0.07815189050728746 0.6668640227993319 0.08016399795360485 0.6764029025448364
0 0.07074577338261165 0.7829485819941807 0.0663070799893746 0.7745484740671944 0.05554853995285511 0.7925155981685872 0.059987233346092156 0.8009157060955735
0 0.06871412306372345 0.6851594460790292 0.052903305170445294 0.6777190611880749 0.0497569348616054 0.6988502395585554 0.06556775275488355 0.7062906244495097
0 0.06730501243461107 0.719492324843495 0.0627626697425423 0.715743089605597 0.05836382539604981 0.7325865277870385 0.06290616808811858 0.7363357630249365
0 0.07058753014530403 0.7342799952311329 0.0662049572161531 0.7280470026207847 0.061616491599055384 0.7382435928810016 0.06599906452820631 0.7444765854913498
0 0.09257832335577437 0.7356751449419892 0.08767867225718301 0.7302310881657765 0.08300394983181239 0.7435280763979419 0.08790360093040375 0.7489721331741546
0 0.10182392161907208 0.6470971614784319 0.09483427664865784 0.6453220135494377 0.09323760826687243 0.6651916645227678 0.10022725323728666 0.6669668124517618
0 0.05516605652475215 0.820932329293533 0.047479311379813066 0.810993911328359 0.04490315662974523 0.8172911784951915 0.05258990177468431 0.8272295964603652
0 0.010987479632964592 0.7638710230683469 0.008246135236231023 0.7511999200790008 -0.0026588070685879817 0.7586562908857148 0.00008253732814558767 0.7713273938750609
0 0.013631277499620703 0.7925168048656595 0.012555205385472931 0.7829517194065683 0.00184086666270869 0.7867612620635512 0.002916938776856462 0.7963263475226424
0 0.020996805591287235 0.8386930794957546 0.009815667205472875 0.8330137711093092 0.007631317826070849 0.846605278358922 0.01881245621188521 0.8522845867453673
2 0.34165968086904197 0.5682771587102915 0.3373633812256459 0.552046693390795 0.28181895005353214 0.5985152371164844 0.28611524969692825 0.6147457024359808