1 0.8440846653768096 0.535813409314433 0.642327511591706 0.26680387093429725 0.5416766211913132 0.5053837592907863 0.7434337749764168 0.7743932976709219
0 0.10264208033448995 0.19140307173588836 0.09283805879929131 0.18335874637367416 0.09145445993628958 0.18868816421634754 0.10125848147148821 0.19673248957856176
0 0.09142387016550893 0.24097418746248161 0.08442940142354854 0.24097418746248161 0.08442940142354854 0.24869222193636892 0.09142387016550893 0.24869222193636892
0 0.024370107423407915 0.2137578044580624 0.012940773284146806 0.20292110245935557 0.009241992057041647 0.21525037321637278 0.020671326196302756 0.2260870752150796
0 0.014114223690941063 0.19457912875802102 0.012455031215983584 0.18678355776456998 -0.0007060138475292257 0.1956366331226086 0.0009531786274282542 0.20343220411605964
0 0.02750889717862962 0.32201354943829835 0.01496709115856274 0.32201354943829835 0.014967091158562741 0.3395935168510417 0.02750889717862962 0.3395935168510417
0 0.0227978705887069 0.2522417059038141 0.017351861056097068 0.24820762476854766 0.014761581364879366 0.25925948478440997 0.0202075908974892 0.26329356591967645
0 0.05414479556407375 0.4002947749114323 0.04792229718201236 0.3795531136378943 0.04086189799850384 0.3862474180489246 0.04708439638056523 0.40698907932246253
0 0.0950416988251436 0.44721721979247037 0.08804723008318323 0.44721721979247037 0.08804723008318323 0.46522596689820733 0.0950416988251436 0.46522596689820733
0 0.07348315060721797 0.46011359363558973 0.07233286662312899 0.44988884711035454 0.06736994782080963 0.4516534404622903 0.0685202318048986 0.4618781869875255
0 0.08412832038073333 0.4236026818011507 0.07830094535850297 0.4163508373290418 0.0759327648980799 0.42236526389519563 0.08176013992031025 0.42961710836730455
0 0.04971712526915169 0.45748943873149117 0.049446655011530435 0.44546853839276895 0.031097444157951994 0.446773371164579 0.031367914415573246 0.45879427150330115
0 0.049698246291055646 0.46093816996827 0.03136791441557328 0.46093816996827 0.03136791441557328 0.46994254352113857 0.049698246291055646 0.46994254352113857
0 0.06696984348062651 0.4392315676481283 0.06665796169962351 0.42980580715559347 0.05619536755290989 0.43089993464806026 0.056507249333912886 0.44032569514059516
0 0.13643391496037566 0.4789595282414481 0.12961395324787994 0.47124401600104904 0.12732975554513026 0.4776252667261911 0.13414971725762592 0.48534077896659017
0 0.0484923034045108 0.6067232655861415 0.041039576365663355 0.6023068347483059 0.037277034559643235 0.6223737243804129 0.04472976159849068 0.6267901552182485
0 0.0847822129054696 0.6205714730083347 0.07086013584157029 0.6125640038473992 0.06821537182586349 0.6270968485397681 0.08213744888976279 0.6351043177007036
0 0.09216821522101944 0.6244958540301989 0.08281751960842518 0.623572328537597 0.08214664430415652 0.6450403382741944 0.09149733991675077 0.6459638637667963
0 0.07015489666409397 0.49245862275962576 0.05778095789383412 0.4884589657833802 0.05685865277420459 0.49747706028642447 0.06923259154446443 0.5014767172626701
0 0.07261116113540861 0.5484092273389929 0.06441074950690334 0.5484092273389929 0.06441074950690334 0.554840922733899 0.07261116113540861 0.554840922733899
0 0.01690115050490834 0.5777523206689608 0.004636938885140482 0.5715228798462215 0.0030259812178314305 0.581546616442811 0.01529019283759929 0.5877760572655503
0 0.06231322187951964 0.5116690707235967 0.05669813500104538 0.5054300853030699 0.053310654982660896 0.5150655840220303 0.05892574186113515 0.5213045694425572
0 0.0708071263432825 0.5126569321283878 0.06277819561078303 0.5104609852613793 0.06225957046188742 0.5164539869819507 0.07028850119438688 0.5186499338489592
0 0.07055878286434544 0.46363220086953266 0.06304098041690331 0.45981363454702223 0.061821385346737145 0.46740222609472276 0.06933918779417927 0.47122079241723314
0 0.07897482898286859 0.5840309249107806 0.06812134300396455 0.5801719076738368 0.06713803572724332 0.5889124168002478 0.07799152170614736 0.5927714340371915
0 0.08869556268090371 0.5860159600455996 0.08323009675472771 0.5831010448849727 0.08115233460708444 0.5954137094636002 0.08661780053326044 0.5983286246242272
0 0.048680955856069255 0.7048373990987981 0.04734367265514817 0.6810634755268679 0.04094381733645448 0.6822012275835245 0.04228110053737557 0.7059751511554547
0 0.0559691493010891 0.6646085241402964 0.04897468055912873 0.6646085241402964 0.04897468055912873 0.6911928651059082 0.0559691493010891 0.6911928651059082
0 0.0703512572055546 0.6624704993697521 0.06736778754377362 0.6483266431953835 0.06266295830969167 0.6514631960181048 0.06564642797147265 0.6656070521924735
0 0.07610484246842149 0.6541662152218422 0.07591297841818782 0.6459800157452061 0.06764652208393762 0.6465923458440395 0.06783838613417127 0.6547785453206756
0 0.09894218963525811 0.6691824667814229 0.09196277975022288 0.6675814551948914 0.09061785102025428 0.6861115843633477 0.09759726090528952 0.6877125959498791
0 0.10903063630906434 0.6641797444473028 0.10218088071348938 0.6580910728067916 0.09769477317554234 0.6740416773861585 0.1045445287711173 0.6801303490266696
0 0.06146908755952421 0.7345978855242254 0.04683714996960592 0.7184280565960274 0.042958690239338626 0.7295200766941832 0.05759062782925692 0.7456899056223812
0 0.059970042171743926 0.7184834314482156 0.05287626048618571 0.7153306395879676 0.05086162648748721 0.7296569258009348 0.057955408173045425 0.7328097176611829
0 0.04559804047680302 0.785524397564531 0.03980951462138754 0.7752336849326811 0.030523754394991776 0.7917417031129398 0.03631228025040725 0.8020324157447898
0 0.1274196356763246 0.732587488440331 0.12057509496890764 0.7305594763788741 0.11852173275668253 0.7524620066426082 0.1253662734640995 0.7544900187040651
0 0.09772664006010907 0.7532381753446784 0.09588960789096812 0.7408280024687041 0.0849436454627332 0.7459489205637848 0.08678067763187416 0.758359093439759
0 0.12337653288740244 0.7630734928393786 0.12137949146728408 0.7583397650287278 0.11304401423548582 0.7694537346711257 0.11504105565560419 0.7741874624817764
0 0.13166154604764063 0.7703653862645367 0.1311197993970697 0.7626605450119721 0.12372829715092376 0.7643031010666712 0.12427004380149473 0.7720079423192359
0 0.019344688298036886 0.8247860058832395 0.012327225918888851 0.8230848028822338 0.010558672760730692 0.8461414959071102 0.017576135139878726 0.8478426989081158
0 0.09857032075070515 0.8343136738693024 0.09206814102270422 0.8299788873839684 0.0882223395982158 0.8482108348778392 0.09472451932621673 0.8525456213631731
0 0.11028481691107114 0.8122802713438487 0.1048821927793501 0.8074779387823189 0.09880424063116369 0.8290884353092033 0.10420686476288474 0.8338907678707331
0 0.1219504439497511 0.8350603784215784 0.11767941802597273 0.8327039503257007 0.11426798609898095 0.8522459801297028 0.11853901202275932 0.8546024082255805
0 0.08687922697284423 0.8434732713467396 0.07881431454507432 0.8345122575381061 0.06913967161256801 0.862031241879457 0.07720458404033792 0.8709922556880902
0 0.03423943307826585 0.9132566230200614 0.022491136925500282 0.906626191328906 0.013586646763005833 0.956491336238875 0.025334942915771402 0.9631217679300301
0 0.04464160301506054 0.8743734850920042 0.03869505705727022 0.8701448301886866 0.03525188219499717 0.8854478295765666 0.041198428152787486 0.8896764844798842
0 0.05645152645570707 0.8609038885293387 0.046803983363347935 0.8609038885293387 0.046803983363347935 0.8827716528720194 0.05645152645570707 0.8827716528720194
0 0.07929327090019833 0.9124628893180122 0.07680230690503992 0.9071488327950077 0.06579461839310233 0.9234565194793601 0.06828558238826074 0.9287705760023646
0 0.08011686540324568 0.9470039743227253 0.07561011465082161 0.9236963340677643 0.06710342512589083 0.9288948665552221 0.0716101758783149 0.9522025068101831
0 0.058047081659443445 0.8918090094781953 0.0499208819008794 0.8821779579124898 0.042277059296933206 0.9025614848563459 0.05040325905549725 0.9121925364220517
0 0.11417984120539801 0.9356138360268744 0.1061886227526683 0.9259117605070288 0.09598610131933685 0.9524707051906217 0.10397731977206656 0.9621727807104672
0 0.060216023844786415 0.9791833462736795 0.05777154502070897 0.9730993100893089 0.0491246085936721 0.9840795468220538 0.05156908741774954 0.9901635830064244
0 0.4709491332001657 0.5829625757412855 0.47031848437916923 0.5706298876862442 0.4613589218188061 0.57207789779701 0.46198957063980256 0.5844105858520514