1 0.639886694966126 0.6925649915282508 0.5128582739331348 0.5742516180921178 0.4711444328116571 0.715799114243305 0.5981728538446484 0.834112487679438
1 0.7155330897747425 0.7874453431510455 0.6650474979501052 0.6079410166634491 0.4023448995451667 0.8414544374678427 0.452830491369804 1.020958763955439
2 0.09454797161982877 0.06200658807387119 0.0842009816532736 0.06059161508699182 0.08094067959059101 0.13594081831343285 0.09128766955714618 0.13735579130031217
0 0.03426217734328099 0.1906354508507507 0.03054707373257695 0.1754836557325852 0.007867885277505739 0.19305841145845234 0.011582988888209779 0.20821020657661785
0 0.05931699697539694 0.5345012024874205 0.03947902785109565 0.5237676153283782 0.034221283778270176 0.5544795172140891 0.054059252902571464 0.5652131043731313
0 0.35254605433409353 0.8563612584947956 0.34610730842136495 0.8244311033252409 0.3276828597414248 0.8361733096118276 0.3341216056541534 0.8681034647813823
0 0.36384636823600014 0.9846068299580328 0.35926378526712965 0.9764600157911517 0.3548017965869135 0.984392440111536 0.35938437955578406 0.9925392542784169
0 0.7493933910693016 0.7923773373567291 0.7478412716365018 0.7565061326875705 0.7312787101570604 0.7587710983599723 0.7328308295898601 0.7946423030291307
2 0.8062163983437476 0.5448044015620055 0.8002026767272434 0.5337608883614902 0.7599241702260571 0.6030818168079763 0.7659378918425611 0.6141253300084917
0 0.4060654863622365 0.04860803445555471 0.3906066162140417 0.03366144655398622 0.3858754244163018 0.0491268476992863 0.4013342945644966 0.0640734356008548
0 0.32468652419762933 0.03347517213797148 0.3121874064213339 0.014032100041511984 0.30727185515104566 0.02401925182876437 0.319770972927341 0.04346232392522387
0 0.3382080254122522 0.38924621315090757 0.3147069786377102 0.3740181205368741 0.3038479696821323 0.426982859374337 0.3273490164566743 0.44221095198837035