0 0.0677796829719659 0.5567975789424006 0.05383298916785781 0.53538447330377 0.04523183344166998 0.5530897763190807 0.05917852724577807 0.5745028819577114
0 0.11404055339623759 0.9130459900337685 0.10457865545363285 0.8839912731191033 0.03719947391756254 0.9533406061620762 0.04666137186016728 0.9823953230767413
0 0.3947187390437281 0.9222236299709389 0.3805471191225388 0.9016103646310268 0.3626227482187644 0.940557145854042 0.3767943681399537 0.9611704111939541
0 0.7917032532556474 0.6663519649359531 0.7861534294973622 0.6441526699028135 0.7782091253272367 0.6504296509755054 0.7837589490855219 0.672628946008645
0 0.7528112221925478 0.12631849755595573 0.7502546232730727 0.1172283680644884 0.7378092926839293 0.1282908841437269 0.7403658916034044 0.13738101363519423
0 0.7974793467101705 0.06260183517708615 0.7815609006077779 0.06260183517708615 0.7815609006077779 0.07803790412486077 0.7974793467101705 0.07803790412486077
2 0.57153952718211 0.1487411532660404 0.5467935791502087 0.1302178705287106 0.5343539235864136 0.18274086068695528 0.559099871618315 0.20126414342428509
0 0.6451556710141583 0.4968291390244344 0.6402686368903238 0.48958908847060584 0.6330725186820889 0.5049408073148409 0.6379595528059234 0.5121808578686695
0 0.6682695698149963 0.5813361114861161 0.6583665101110326 0.5669316610076233 0.6550244961115879 0.5741933210557995 0.6649275558155515 0.5885977715342923
0 0.6639090713777073 0.37989880799245335 0.6576381683676739 0.37989880799245335 0.6576381683676739 0.3927621987822655 0.6639090713777073 0.3927621987822655
0 0.44123075136244927 0.7056323109834809 0.4365177961896278 0.6553607891400529 0.4236891713208692 0.6591618631752407 0.4284021264936907 0.7094333850186687
1 0.8647314122192631 0.8747231507135688 0.6172059671901766 0.5298437359808793 0.5675305491172336 0.6425243109734939 0.81505599414632 0.9874037257061834
0 0.7151034927112225 0.6383823298617546 0.7069811126812584 0.6297184578297927 0.7047678527953642 0.6362762648991086 0.7128902328253284 0.6449401369310706
0 0.7503225216809528 0.7098695487960976 0.7481233162668409 0.7023107983357427 0.7402955477779491 0.7095087463715052 0.742494753192061 0.7170674968318601