1 0.983918116970011 1.660302041000386e-16 0.5046281584764298 1.1385590067491578e-16 0.5046281584764298 0.49438298602178193 0.983918116970011 0.49438298602178193
0 0.1680012434611096 0.24547637423891588 0.13664672841094236 0.18973501414972974 0.12567264814338383 0.20924449018094488 0.15702716319355106 0.264985850270131
0 0.26651560376313577 0.49336865155668264 0.26445255589499467 0.4304948117657144 0.2512742350413791 0.4318614524468301 0.2533372829095202 0.4947352922377983
0 0.0490915451275155 0.5549010612356108 0.045172852366289235 0.5392262901907056 0.030134620247065494 0.5511083501367587 0.03405331300829176 0.566783121181664
0 0.014069319252928222 0.6473632935234362 0.01376166751545659 0.6395238714723074 0.001470396454596564 0.641048370208538 0.0017780481920681955 0.6488877922596669
0 0.03106450043608043 0.6233445588724673 0.02858382276107882 0.6116707815783421 0.015014620108974516 0.6207839250879035 0.017495297783976127 0.6324577023820287
0 0.23147401304088788 0.7833441228893822 0.223987192830797 0.7701985400787972 0.20241885638729737 0.8090215456770964 0.20990567659738826 0.8221671284876814
0 0.7407035085044931 0.8500986507341507 0.7384363358777887 0.8380070633917273 0.7263527881546089 0.8451676842647227 0.7286199607813133 0.8572592716071461
0 0.7891601489826153 0.7728919195526319 0.7796016601341857 0.7707678109196476 0.7784439549631027 0.7872329511306071 0.7880024438115323 0.7893570597635916
0 0.8089257565232169 0.8220250846884829 0.8079257063246189 0.8060242815109114 0.7966486696733674 0.8082518443062199 0.7976487198719654 0.8242526474837913
0 0.8602235803415829 0.7409016561499681 0.8584424954629934 0.725069790562507 0.8430899148689028 0.7305284858848504 0.8448709997474922 0.7463603514723114
0 0.922064442646499 0.45778636535635375 0.9143093022376411 0.4377326689455697 0.8873883066589625 0.47063610798617694 0.8951434470678206 0.49068980439696097
0 0.9056838626112234 0.3796048457684683 0.8774094289257568 0.3764632420256387 0.8767815878431899 0.3943218328186542 0.9050560215286565 0.39746343656148375
0 0.8919117685083211 0.41303592202865924 0.8848676432945619 0.3921644399138168 0.8787669910449819 0.39867180231336863 0.8858111162587411 0.41954328442821115
0 0.6045458209985892 0.6643924087067732 0.6029443288452576 0.6487333743186419 0.5981475704197364 0.6502838416885073 0.599749062573068 0.6659428760766386
0 0.7866037814016715 0.760207574047459 0.7773207108066569 0.7006780419778412 0.7567039287832249 0.7108390082556162 0.7659869993782396 0.7703685403252339
0 0.83018448246291 0.48717949241361386 0.8276577940926662 0.4723097861427539 0.8033318264329983 0.4853737317377608 0.8058585148032421 0.5002434380086208