1 1.0119302665784142 0.6381736990304983 0.5139198577727938 0.4420822700222543 0.4699857505896944 0.7947263196701759 0.9679961593953148 0.9908177486784199
1 0.9867314673735816 0.6881015529671562 0.9840782244838164 0.12836557148183722 0.4733664736337243 0.13601668385412277 0.4760197165234895 0.6957526653394418
0 0.1482569273321041 0.34130139362895257 0.13739610883421022 0.3270884706564001 0.12301224127399522 0.3618268677829571 0.13387305977188912 0.3760397907555096
0 0.13984741944916562 0.6094997898276584 0.1050925408500522 0.5580110807919346 0.09447628953735372 0.5806590835923581 0.12923116813646712 0.6321477926280816
0 0.2536088878441337 0.8582500078454469 0.24031491496881302 0.8520846870916747 0.22937306432530172 0.9266513729585645 0.2426670372006224 0.9328166937123366
0 0.9354392129309061 0.8227424958528958 0.9291683099208726 0.8004459518172217 0.924826915529311 0.8043049690541655 0.9310978185393446 0.8266015130898396
0 0.9720277890922217 0.8849620954523616 0.9626385598627722 0.8602119433072997 0.9341854806348052 0.8943262295134409 0.9435747098642546 0.919076381658503
0 0.8813247318902893 0.4781290930108042 0.8586912428367212 0.4736582803582475 0.8578059042785504 0.48782369728897973 0.8804393933321185 0.49229450994153645
0 0.6166109191505967 0.8507620338844425 0.6139564898081906 0.8303130967281288 0.6077384314864439 0.8328640950139736 0.61039286082885 0.8533130321702873
0 0.5766413808587564 0.8767233369673196 0.575783033274804 0.8568859705826387 0.5656389254644558 0.8582731990011475 0.5664972730484081 0.8781105653858285
0 0.6300944446157745 0.8073064269051214 0.6233411644511231 0.8073064269051214 0.6233411644511231 0.8300317506337896 0.6300944446157745 0.8300317506337896