0 0.067787389589229 0.13292170482805926 0.054341151348406294 0.049920234205696884 0.03361612378459479 0.06053144831836837 0.04706236202541749 0.14353291894073075
0 0.09891915989446967 0.10804996040093416 0.09815870649777783 0.09047503745516723 0.07724340057607806 0.09333525023078432 0.0780038539727699 0.11091017317655125
0 0.13174982166587856 0.11492811826488777 0.10263663628493928 0.06516198940858127 0.09028985746189702 0.08798981158807273 0.1194030428428363 0.13775594044437922
0 0.19340998865274814 0.0849732669649416 0.17645759479680967 0.06861286146587717 0.15362269365999737 0.14339382425309866 0.17057508751593584 0.1597542297521631
0 0.15728690473834533 0.1722045213169472 0.1462664420520735 0.14281662082022248 0.13741667656158252 0.15330523177191555 0.14843713924785434 0.18269313226864026
0 0.18609929953066556 0.05950076863446201 0.17388620219310252 0.03735435212901433 0.14440909032870874 0.08873058195802307 0.1566221876662718 0.11087699846347075
0 0.19362888310267967 0.023631000536562693 0.19293418782389696 -0.0010692760423784173 0.18073642137046533 0.000014969864593298668 0.18143111664924805 0.02471524644353441
0 0.22294301370560785 0.05660887803610407 0.16076551243538595 0.013491304263215776 0.15385658529833512 0.04497926309389591 0.21603408656855702 0.08809683686678421
0 0.24060953526667836 0.06192064701721825 0.20548446048476943 0.02698141919182737 0.19504910412580462 0.06013772875789997 0.23017417890771355 0.09507695658329085
0 0.22491114215123123 0.08977952532764434 0.214970576710435 0.08719336196093314 0.2120737853060869 0.12238401309523647 0.2220143507468831 0.12497017646194768
0 0.13864117241561277 0.14872058736221316 0.08943870264458105 0.09040654911506481 0.08146092662589947 0.11168061849821581 0.1306633963969312 0.16999465674536415
0 0.10232907357608678 0.13373472809819045 0.09285372262617927 0.10822648173145528 0.0742908117805105 0.1300194168961817 0.08376616273041801 0.1555276632629169
0 0.07352368352344382 0.16853773015501053 0.04180508125784839 0.13778029765503932 0.03641290351036741 0.15535480290608847 0.06813150577596284 0.1861122354060597
0 0.1227783852156761 0.23540005145356308 0.117272800011268 0.2112077944547383 0.0828545257642917 0.2359632622761428 0.0883601109686998 0.26015551927496755
0 0.14048162679015513 0.22433753537432477 0.10285620872995459 0.1908927193208127 0.09808067489923672 0.2078723951633649 0.13570609295943725 0.241317211216877
0 0.08630676116044003 0.14291111281077823 0.026348584563467496 0.125145727152416 0.024093145435118674 0.14920374452147017 0.0840513220320912 0.16696913017983242
0 0.08698344872583301 0.21776284141178023 0.04628655652204483 0.150931033498968 0.03590317563412742 0.17091454330160621 0.07660006783791559 0.23774635121441845
0 0.04029189177600547 0.17408455535545825 1.2021592341128419e-17 0.17408455535545825 1.3498446437090141e-17 0.2169625246548322 0.04029189177600547 0.2169625246548322
0 0.02461463425092187 0.25769659548923746 0.0010597867315773266 0.24358644528441267 -0.005280261269001364 0.27703644763872026 0.01827458625034318 0.291146597843545
0 0.015931845467798654 0.28042191921790566 1.9317251575179328e-17 0.28042191921790566 2.0144289868917893e-17 0.30443358202555504 0.015931845467798654 0.30443358202555504
0 0.0399408549357637 0.29647780831594844 0.02189469574047702 0.2702288494864406 0.014759334661276755 0.2857328439301351 0.032805493856563436 0.3119818027596428
0 0.07854870577293144 0.3116766505520747 0.07511061916047135 0.2853473718788761 0.030022001879624848 0.30395537266144773 0.03346008849208494 0.33028465133464635
0 0.13387305977188915 0.4738015607580823 0.07968590378691354 0.3818726205727777 0.06755086699731691 0.4044794755367634 0.12173802298229253 0.49640841572206795
0 0.14915959180173222 0.4194923248434952 0.12268673355629872 0.4127690592573533 0.121244425863991 0.4307177772060712 0.1477172841094245 0.4374410427922131
0 0.17499483814835728 0.47976341104551623 0.12571094487588214 0.42681909789243533 0.11555437859101639 0.4566995760874385 0.16483827186349154 0.5096438892405195
0 0.07192470133845229 0.6046783162810945 0.05095984808005645 0.5487720409253724 0.031367914415573295 0.5719921104536486 0.05233276767396913 0.6278983858093707
0 0.11338405398106653 0.549777684462918 0.10783189167407732 0.5298571990948112 0.06947088460150914 0.5636486767963729 0.07502304690849836 0.5835691621644796
0 0.007731433839293411 0.6813309321670521 4.6934423169663533e-17 0.6813309321670521 4.762854459476554e-17 0.7014835777377579 0.007731433839293412 0.7014835777377579
0 0.16391255897364054 0.6540345798086945 0.1560073442050171 0.6060866104931225 0.13371235542007687 0.6177039226569228 0.1416175701887003 0.6656518919724949
0 0.14038515135923157 0.6769574002350244 0.1345966255038161 0.6769574002350244 0.1345966255038161 0.70397052089363 0.14038515135923157 0.70397052089363
0 0.17676304229542036 0.7318707719515332 0.1667204489471242 0.7242192722575932 0.15292279895555175 0.7814539685189298 0.1629653923038479 0.7891054682128699
0 0.22378559034692835 0.8426589861104554 0.21332082199896646 0.8211927946274566 0.1845985680717145 0.8654463414190746 0.1950633364196764 0.8869125329020733
0 0.2022537511592522 0.7887230266025885 0.19583863229886905 0.7630625511610559 0.15067917929798588 0.7987440942728647 0.15709429815836903 0.8244045697143974
0 0.17914825138787083 0.8066592122741872 0.16557798086833542 0.7997663764547407 0.15189849287982998 0.8848831906054415 0.1654687633993654 0.8917760264248881
0 0.20450148361707537 0.7852459083885263 0.18385662649512335 0.774235317923485 0.15937487952864107 0.9193123369841191 0.1800197366505931 0.9303229274491601
0 0.06243798735497113 0.7242092279466588 0.011632558820731633 0.7210947189177399 0.011048206448154055 0.7512213301261836 0.06185363498239355 0.7543358391551025
0 0.051145377754909536 0.7026841818146488 0.02557938856015782 0.7026841818146488 0.02557938856015782 0.7241231664643357 0.05114537775490954 0.7241231664643357
0 0.1412050131997198 0.6823861655822292 0.1255308041547955 0.6769679204802801 0.1188101606600848 0.7384138038604923 0.1344843697050091 0.7438320489624414
0 0.16457195482163592 0.9517654754413142 0.12403256581768282 0.9211903133642587 0.11537154969990426 0.9574840951911404 0.15591093870385736 0.9880592572681957
0 0.2781237887778725 0.8030377625275499 0.2768649411333591 0.7720794352698855 0.24387535908675184 0.7763190602718592 0.24513420673126532 0.8072773875295236
0 0.25685262323168573 0.8588782741176093 0.2431714091050211 0.8491494107386484 0.2342890159820564 0.8886267135073828 0.24797023010872102 0.8983555768863438
0 0.41958504256371215 0.9856787791905168 0.4046313507705555 0.9856787791905168 0.4046313507705555 1 0.41958504256371215 1
0 0.6181314970696421 0.8094503253700902 0.6065544453588112 0.8094503253700902 0.6065544453588112 0.8523282946694641 0.6181314970696421 0.8523282946694641
0 0.7243154425542909 0.8327216322917094 0.705763430462369 0.7901930431687071 0.6952730132703218 0.8046560219731624 0.7138250253622436 0.8471846110961647
0 0.9877609704521021 0.8958981712789513 0.9721043137910462 0.8665991646617709 0.9655944407582915 0.877593616894868 0.9812510974193474 0.9068926235120485
0 0.9845347303011401 0.8654865927594346 0.9839437637191817 0.84342384036632 0.9501850023531246 0.8462817249264095 0.9507759689350831 0.8683444773195241
0 0.89359113947105 0.7306142313551951 0.8437467370250268 0.6799786479179653 0.8302698614437005 0.7219067052820916 0.8801142638897237 0.7725422887193214
0 0.9230515274125223 0.6628521495874962 0.9012394732944761 0.6525116202278297 0.8910074732346959 0.7207249539596967 0.9128195273527421 0.7310654833193632
0 0.8803217571693254 0.6924584875333379 0.8797958349764293 0.6214005556931437 0.8613766595329162 0.621831413598255 0.8619025817258122 0.6928893454384492
0 0.9519897394427982 0.6531379490138888 0.9509784107875989 0.6315629377029766 0.9102990463278172 0.6375895102155381 0.9113103749830165 0.6591645215264504
0 1.0024324483786984 0.7716248837933126 0.9932573365202433 0.764375412695274 0.9860067603199032 0.793377717496634 0.9951818721783583 0.8006271885946726
0 0.9941155700186344 0.7506903562422278 0.9745503526273301 0.7246033997204887 0.9463312890821796 0.7914930318275123 0.9658965064734839 0.8175799883492513
0 0.9318980030126706 0.5468003884212082 0.9143938799081486 0.5324760266566612 0.8974908228069953 0.5977567989093913 0.9149949459115173 0.6120811606739384
0 0.7591340735115402 0.4842110228500924 0.7348519496667716 0.4788149953290325 0.7329150198613055 0.5063624414512149 0.757197143706074 0.5117584689722747
0 0.824656511008268 0.4806464148140688 0.8225629587503044 0.39078982266274837 0.8065364288048612 0.3919699484706969 0.8086299810628248 0.48182654062201724
0 0.9615362595435857 0.5262582323734176 0.9097293956854655 0.47666533705624264 0.9023255701838522 0.5011097133155371 0.9541324340419725 0.5507026086327121
0 0.9837455388743167 0.4911512129108579 0.9754869678167868 0.45604231179672083 0.9602769537792588 0.46734995859633766 0.9685355248367887 0.5024588597104747
0 0.789552637102698 0.38841116238609946 0.7634331263538214 0.3617112180650259 0.7594934485875006 0.3738918642990613 0.7856129593363771 0.4005918086201349
0 0.8778837296433132 0.382127772669973 0.8647570574887262 0.3290907134595209 0.8507658568412113 0.34003494152157704 0.8638925289957983 0.39307200073202914
0 1.0007222702922451 0.4195785436389914 0.9990249351054691 0.3998883212027026 0.9758280506441778 0.406208095932449 0.9775253858309539 0.4258983183687378
0 1.0013716889253208 0.4203850570418967 0.9961347676362162 0.41537952683463364 0.9900784414781234 0.43540534009237136 0.995315362767228 0.44041087029963444
0 0.8032678725655861 0.2821370379898809 0.7673790122620101 0.2502358288311466 0.7586962234788869 0.2811079667266958 0.7945850837824628 0.3130091758854301
0 0.981666005464073 0.24392490326243316 0.9640124761203755 0.2285978080182927 0.9443299083741202 0.3002465202374653 0.9619834377178177 0.31557361548160573
0 0.7694049963114055 0.24105994340108117 0.7582620840397307 0.234456736128977 0.7495069386834142 0.28115084469599455 0.760649850955089 0.28775405196809867
0 0.8249283143376833 0.31630812336409136 0.815480338784956 0.2762551671747514 0.8063691734755857 0.28304772052367266 0.815817149028313 0.3231006767130126
0 0.8459582507492752 0.1247748906611784 0.8363107076569161 0.1247748906611784 0.8363107076569161 0.17965869136437707 0.8459582507492752 0.17965869136437707
0 0.8716882481765972 0.1786982248520708 0.869401780463708 0.15024440442500633 0.8559289865352285 0.1536660663750965 0.8582154542481177 0.18211988680216093
0 0.9729398782787058 0.061655562751169235 0.9542269714185264 0.04834860676170817 0.944030516391602 0.0936661846591497 0.9627434232517813 0.10697314064861077
0 0.8114069414345446 0.016144918613648813 0.7967083797549577 0.012124799179915578 0.7875961916550068 0.11742119500156896 0.8022947533345938 0.1214413144353022
0 0.7531049063857818 0.20991227276958183 0.7124910334091017 0.14702627590246475 0.7026072967691412 0.16720048731571768 0.7432211697458213 0.23008648418283478
0 0.7577796833315407 0.2176485747806859 0.7478909516618726 0.2176485747806859 0.7478909516618726 0.2510933908341976 0.7577796833315407 0.2510933908341976
0 0.7566636895967686 0.11977027759095844 0.7468632045712688 0.1179678895402919 0.7443324270171292 0.16145977047069343 0.754132912042629 0.16326215852135997
0 0.7738836591087863 0.19327409838665727 0.7567036112173928 0.1474606373429415 0.7469633032876073 0.15900470600046507 0.7641433511790008 0.20481816704418085
0 0.8241977231390294 0.2212513700059623 0.8220005540262263 0.18609666420112134 0.8075733592493906 0.18894648045333648 0.8097705283621937 0.22410118625817743
0 0.8394413118368145 0.18632193041056333 0.8233347386441211 0.18223137213940302 0.8204211806302286 0.21848898297895356 0.836527753822922 0.22257954125011384
0 0.851064953080994 0.24444558440611008 0.8420716614906969 0.19200470188846708 0.8327198197293425 0.19707345081061042 0.8417131113196396 0.2495143333282534
0 0.8390602338846664 0.22065003263164212 0.8255536735553637 0.22065003263164212 0.8255536735553637 0.26824457855394723 0.8390602338846664 0.26824457855394723
0 0.6352465538986547 0.12955326649253 0.6280143298687418 0.10500753645161447 0.6111882078926688 0.12067630612245545 0.6184204319225817 0.14522203616337098
0 0.5858496145809895 0.1567648299529135 0.5840288499453506 0.1357248830521975 0.5680072364746294 0.14010686280487328 0.5698280011102682 0.16114680970558928
0 0.6090002514585002 0.2788110982090914 0.6053498297478779 0.2398732666291193 0.5818437213755487 0.24683803948017985 0.5854941430861711 0.2857758710601519
0 0.6990671689676364 0.16375263062723444 0.6912026294036797 0.1492264969448899 0.6519645402785879 0.21636722722560237 0.6598290798425447 0.2308933609079469
0 0.7002803500546523 0.19423720092616417 0.680261698138007 0.19423720092616417 0.680261698138007 0.224251779435726 0.7002803500546523 0.224251779435726
0 0.6932750319995259 0.2736860721376579 0.6828730443608437 0.23901278000871773 0.6746359119800839 0.24682280182158645 0.6850378996187659 0.28149609395052655
0 0.6262354568207958 0.005574136008918748 0.5871629072967414 0.005574136008918745 0.5871629072967414 0.03172969728153686 0.6262354568207958 0.031729697281536864
0 0.623823571047706 1.3497557447274084e-16 0.6066991820587686 1.3311145641383804e-16 0.6066991820587686 0.010290712631849882 0.623823571047706 0.010290712631849884
0 0.5408064450727766 0.062173055484092354 0.5270586961661649 0.062173055484092354 0.5270586961661649 0.08489837921276056 0.5408064450727766 0.08489837921276056
0 0.5963874250652571 0.1725541416820048 0.5786062610273397 0.16860277189579997 0.5753743340913986 0.21456795498472817 0.593155498129316 0.218519324770933
0 0.29717627957755294 0.19492984504561545 0.28418920233783873 0.16029763907304412 0.27784408745786404 0.16781777522708818 0.29083116469757825 0.2024499811996595
0 0.47771982567949733 0.134858802467646 0.47698985671100474 0.11539296330784173 0.4575880499168577 0.11769243670566648 0.4583180188853503 0.13715827586547075
0 0.5596927745101484 0.2520978360489016 0.5453368535928934 0.2411093533714965 0.5269446644028725 0.317051295833518 0.5413005853201275 0.3280397785109231
0 0.5095710937781408 0.3828901847606473 0.4855586427725263 0.3572769036879919 0.4783017041082003 0.3787789441748838 0.5023141551138147 0.40439222524753915
0 0.5470951615882369 0.3664942036196283 0.5426120249306587 0.3333879636867431 0.5352492452040297 0.33653911221172017 0.5397323818616079 0.36964535214460537
0 0.5610031937004948 0.38482647092242345 0.5494261419896639 0.3822537927644611 0.544884375549261 0.4468478043613026 0.5564614272600918 0.4494204825192651
0 0.5676737096979256 0.3971225286726356 0.557089621083325 0.3958468569752072 0.5553587464661829 0.4412342358247126 0.5659428350807835 0.442509907522141
0 0.7167620070925196 0.4453986946816069 0.6981833928580436 0.3903509488016742 0.6882520984982621 0.4009443294521072 0.706830712732738 0.45599207533203984
0 0.7463490744240804 0.4442015261172458 0.7453620297625734 0.42797012501690734 0.7246790208622214 0.4319452378385966 0.7256660655237284 0.44817663893893506
0 0.7434609588042721 0.4021089115976086 0.730776508815963 0.4000112247778365 0.7290890940402377 0.43225959604725195 0.7417735440285468 0.434357282867024
0 0.6342214001509674 0.4051156046857922 0.5963739470597297 0.38383177619003944 0.5923450134403051 0.4064746719436513 0.6301924665315428 0.42775850043940405
0 0.6963020684170582 0.5243247528853635 0.6944586595699578 0.5157536895279052 0.6762135173202721 0.5281556162858616 0.6780569261673726 0.5367266796433198
0 0.6948179904496747 0.4975882203604976 0.6839000283164408 0.47386524091050725 0.6772673424404436 0.48351278400286646 0.6881853045736777 0.5072357634528568
0 0.6237505908793328 0.5068698873250627 0.6141265783798817 0.48548319288183855 0.6085968890464564 0.49334763993382136 0.6182209015459075 0.5147343343770454
0 0.5774024708227552 0.5105212828441195 0.5730856503617117 0.4695914295838566 0.5616250972844489 0.47341161394294434 0.5659419177454924 0.5143414672032072
0 0.6144881891267489 0.4630592076173574 0.6007921906951124 0.4123332875001853 0.5960954430420539 0.41634117883079513 0.6097914414736904 0.46706709894796716
0 0.6010621490061527 0.44763079999981475 0.5986422091577868 0.40952635032395696 0.5772122973894791 0.41382769462153834 0.5796322372378451 0.4519321442973962
0 0.4237335037586056 0.2913986819756091 0.4124458783405454 0.2847097187649067 0.404969032443967 0.32458623021332444 0.41625665786202715 0.33127519342402684
0 0.41649784643933613 0.4298945358979047 0.39141423439920237 0.4298945358979047 0.39141423439920237 0.45862277532848517 0.41649784643933613 0.45862277532848517
0 0.4072473821023027 0.5567348897143576 0.4054031718831235 0.5272275262074838 0.3905788983509616 0.5301557777693917 0.3924231085701408 0.5596631412762655
0 0.4328021942654234 0.6718120125143365 0.41847559277326957 0.6208729849866805 0.4077668199407509 0.6303918941711419 0.42209342143290474 0.6813309216987979
0 0.43787086498240874 0.6250222530927277 0.423340180847917 0.5798156802298647 0.41450896832491135 0.588787070729426 0.429039652459403 0.633993643592289
0 0.540255540150621 0.4191946968869058 0.5313761135465069 0.4145518594468463 0.5214482079359386 0.47456053335961695 0.5303276345400527 0.47920337079967645
0 0.54233804324599 0.5048327744888899 0.5359179282352794 0.4873767755055199 0.49567367710456745 0.534156417845493 0.502093792115278 0.551612416828863
0 0.5239678083003856 0.5670487787846886 0.5208653174903155 0.5565692542706744 0.5118393189312385 0.5650146330394015 0.5149418097413085 0.5754941575534158
0 0.5311834641341499 0.5724451659294296 0.5267710783877575 0.5709743706806322 0.5249662597130267 0.5880867255225258 0.529378645459419 0.5895575207713232
0 0.537171970941369 0.5598886999400281 0.5211637028860474 0.5278721638293856 0.5131545787498907 0.5405285575260287 0.5291628468052123 0.5725450936366712
0 0.5432665567845423 0.5287711226340069 0.5307247507644753 0.5287711226340069 0.5307247507644753 0.5982334328989927 0.5432665567845423 0.5982334328989927
0 0.5727080829818069 0.6530526491341566 0.557534678306581 0.6407913120228628 0.5547263181598325 0.651775120596812 0.5698997228350584 0.6640364577081059
0 0.5704230868674937 0.3013324671017059 0.568760841267121 0.2836018473643971 0.5530379534706547 0.2882604807855723 0.5547001990710273 0.30599110052288114
0 0.6278149172455191 0.6986028537800948 0.5648882771631933 0.6943546417914145 0.5642523497127174 0.7241254676211031 0.6271789897950432 0.7283736796097835
0 0.6122854706532601 0.6404958494909255 0.6006938815487284 0.6213605277945556 0.5726466235654966 0.6750578422239909 0.5842382126700283 0.6941931639203607
0 0.6502431904505427 0.6454974787100728 0.637485177426143 0.6236671008683223 0.6154219881916524 0.6644187346636298 0.6281800012160521 0.6862491125053803
0 0.6806810910441868 0.5562049665381265 0.6676774284075354 0.5470795892492483 0.665514101264147 0.5568225737172499 0.6785177639007984 0.565947951006128
0 0.5738532272426644 0.8071536794453197 0.5734276780816042 0.786727319714429 0.5652206585468712 0.7872676996014896 0.5656462077079314 0.8076940593323803
0 0.3520422521919981 0.6932625219459542 0.34999214928487177 0.6604608754319332 0.3302970430207142 0.6643512667927544 0.33234714592784054 0.6971529133067753
0 0.336873110358006 0.5636994989124706 0.33257649899140884 0.527417002927873 0.3194000535318446 0.5323485380706339 0.32369666489844173 0.5686310340552315
0 0.3409994342099422 0.5567175534304776 0.3405001644701431 0.542516103053969 0.3342536618609269 0.5432101588994375 0.33475293160072606 0.557411609275946
0 0.3184643314179358 0.7327073254498163 0.3068149231339122 0.7297487455681595 0.30297520098315317 0.7775319545553816 0.3146246092671768 0.7804905344370385
0 0.30944301695988713 0.6919933260404355 0.29841706748128843 0.6910816196236005 0.29760251911820174 0.7222154681682462 0.30862846859680043 0.7231271745850814
0 0.3067069448631476 0.49585733897286843 0.2721984253404784 0.4835876431425858 0.26884033822563796 0.5134373063856115 0.30334885774830717 0.5257070022158941
0 0.32180720509943805 0.4360689582428876 0.31384798204824194 0.4077694985053007 0.3005343725807863 0.4196038180319277 0.3084935956319824 0.4479032777695146
0 0.2568179118399507 0.4112214141303832 0.2554178524962036 0.392139123815608 0.23328005856294204 0.3972725253073787 0.23468011790668913 0.416354815622154
0 0.3267084716693416 0.7514118874376724 0.31932546967814546 0.6611095697497975 0.3051769001503068 0.664765530868102 0.312559902141503 0.755067848555977
0 0.21837857060019572 0.6191359076340108 0.21195111104261508 0.603265637121466 0.18689189742547563 0.6353414305514042 0.19331935698305627 0.6512117010639492
0 0.24974963539539707 0.5730832588370531 0.2376338181271767 0.5656559379063432 0.22949850947278028 0.6075979736356757 0.24161432674100064 0.6150252945663855
0 0.24356562178781602 0.5538118671730954 0.2431245854135367 0.5304859433778778 0.1871044425339929 0.5338335522894472 0.1875454789082722 0.5571594760846649
0 0.2701631559747509 0.5352819878251043 0.23572884832202282 0.5276299194578313 0.233803050297048 0.5550190469241392 0.26823735794977605 0.5626711152914121
0 0.2722670624875845 0.5829688862966697 0.253066098674499 0.5403000778231463 0.23974190044023466 0.5592500486452111 0.25894286425332014 0.6019188571187345
0 0.37888634049798803 0.5764255302844945 0.3747108644230316 0.5514570268867751 0.3690570156792409 0.5544452472438537 0.37323249175419737 0.5794137506415731
0 0.18664796388816085 0.35290587567000753 0.18385301390405093 0.33303067578300355 0.15831539983604143 0.3443807264798966 0.16111034982015132 0.3642559263669006
0 0.22851045354457106 0.4384161771676198 0.20233326243580782 0.3556833262559732 0.18337025785308173 0.37464633083869936 0.20954744896184496 0.457379181750346
0 0.2304051529176807 0.4708085427454731 0.223374542176272 0.4260757679697267 0.16890143672665847 0.4531343040100576 0.17593204746806718 0.49786707878580416
0 0.23734438755596737 0.3560960687379182 0.2245377465371679 0.33266878339595984 0.1974849855196514 0.3794078259050964 0.21029162653845088 0.4028351112470548
0 0.17309032391442727 0.22673870950628017 0.15572474634818081 0.22673870950628017 0.15572474634818081 0.2953434603852785 0.17309032391442727 0.2953434603852785
1 0.5630184035645894 0.2613788238788964 0.1830893986838041 0.08333826703853271 0.14354768068998 0.3500204411877928 0.5234766855707653 0.5280609980281565
0 0.5289262116112013 0.3536117960110341 0.524898186320085 0.3339192279211318 0.5166872116881939 0.33922733273366756 0.5207152369793103 0.35891990082356984
0 0.2917996296003112 0.10045318715244117 0.2864396772938063 0.09304189507431092 0.2788941854175323 0.11028873364865123 0.2842541377240372 0.11770002572678148
0 0.3751282469226154 0.478891340753315 0.3727773113315171 0.45966591191944417 0.34961667753321324 0.4686168815033298 0.3519676131243116 0.48784231033720066
1 0.48408973095227303 0.8677458206718245 0.3338859177614375 0.4463504637684969 0.29032999188457564 0.4954179047259667 0.4405338050754112 0.9168132616292944
0 0.352198142370015 0.6084572297689514 0.3445506996748522 0.59758086682472 0.3373268076520369 0.6136339602087539 0.3449742503471997 0.6245103231529855