1 0.7108926180142823 1.5269781721432447e-16 0.44577814561303913 1.2383812032242924e-16 0.44577814561303913 0.28470971614784313 0.7108926180142823 0.2847097161478432
1 0.9794342293220437 0.9460829889408782 0.706164690525746 0.25491269091746105 0.4739296996818 0.5451069115573794 0.7471992384780977 1.2362772095807966
0 0.14074693422519502 0.64955836738447 0.13640553983363338 0.641840332910583 0.12579324243203838 0.6607066394023077 0.13013463682360005 0.6684246738761949
0 0.09741564482202747 0.8780329041337804 0.09405526464379 0.8684744894045717 0.08399580398119535 0.879651667918566 0.08735618415943283 0.8892100826477747
0 0.027629491467284106 0.9580224889924208 0.02316750278706803 0.9500900646720365 0.014605308292599262 0.9653117437733142 0.01906729697281534 0.9732441680936985
0 0.750054240334801 0.8528595131969614 0.7449086096291407 0.8456375753644558 0.7397720337847447 0.8572043831918363 0.7449176644904049 0.864426321024342
0 0.5271069221048406 0.37638280927577766 0.5239714705998237 0.37080867326685896 0.5174593790124814 0.38238572497768997 0.5205948305174982 0.3879598609866087
0 0.6094478734618389 0.5079371234768078 0.5987711740871885 0.4896342102631215 0.5918803223810846 0.5023383319270499 0.6025570217557351 0.5206412451407361
0 0.7014689038100588 0.7618969422983122 0.6880974090840491 0.7575748429929354 0.6867969202751992 0.770290733568358 0.7001684150012089 0.7746128328737348
0 0.7623863969349282 0.5446788492440747 0.7533418252858415 0.5393191030816529 0.7514605543828314 0.5493525478977063 0.7605051260319181 0.5547122940601281
0 0.4259750851665176 0.0883216342164746 0.4257151601062428 0.07430493466980184 0.4036478599783536 0.0755982562890188 0.40390778503862845 0.08961495583569157
0 0.45461527153206793 0.09489752165337438 0.44318293296762235 0.06779864505617025 0.4194499769604191 0.09944258639910838 0.43088231552486467 0.12654146299631253