1 0.64072674890973 0.830351756229092 0.6033448719116594 0.23224172425983994 0.44506928650167993 0.263506037427237 0.4824511634997506 0.8616160693964889
0 0.008792663487446731 0.05008146617887111 3.952061425583538e-18 0.05008146617887111 4.572340145887461e-18 0.06809021328460817 0.008792663487446731 0.06809021328460817
0 0.008998998224104122 0.10987020915047796 0.0053567718760133345 0.10104056951874268 -0.0030499744891493256 0.11200047589110287 0.0005922518589414616 0.12083011552283812
0 0.06024045233453155 0.14840989064459556 0.05117389388143601 0.1305006393792217 0.04645672502135986 0.13804810955534352 0.0555232834744554 0.1559573608207174
0 0.06408025587788191 0.13801491226240373 0.05118970421224659 0.12164595776635906 0.04762076512909348 0.1305286505955402 0.06051131679472879 0.14689760509158487
0 0.06555980567951115 0.12474715075497717 0.05503667226213384 0.11583867802068945 0.05248658231350656 0.12535901382889791 0.06300971573088388 0.13426748656318563
0 0.17025845866922165 0.21090060257315002 0.1690569412611595 0.2037804994142632 0.16252936049912753 0.20726187582068023 0.16373087790718968 0.21438197897956707
0 0.17911091072877075 0.2298375040849955 0.1738047620279732 0.2229770289970957 0.16872546096205007 0.23539309826935226 0.17403160966284761 0.24225357335725206
0 0.10035122157465379 0.5315724040055573 0.09916402391432462 0.5235522242557781 0.09173216656066403 0.5270291165849761 0.0929193642209932 0.5350492963347553
0 0.27976889314348974 0.793316495201845 0.27803135924422506 0.7844357663833811 0.26759151370903644 0.7908913230428213 0.2693290476083011 0.7997720518612852
0 0.9284712353933388 0.7166659143938924 0.9218235246551489 0.7120414199673255 0.9160160200264371 0.7384261323545601 0.9226637307646269 0.7430506267811269
0 0.37274559480356445 0.4620185450025818 0.36010689206248264 0.45902270435284387 0.3592685247806575 0.4702009347771785 0.3719072275217393 0.47319677542691646
0 0.47988702832768193 0.7202041096021189 0.46840645204777465 0.7172884076897615 0.46629364011054797 0.7435811784641378 0.47777421639045525 0.7464968803764952