0 0.058715861569737196 0.12432593310027894 0.04727501046726896 0.10059676044330773 0.012078503256203417 0.1542295333363599 0.023519354358671654 0.17795870599333108
0 0.11087454537410395 0.23142775448870914 0.10851000165597668 0.21537751834142094 0.09484401375780015 0.22174051799771474 0.09720855747592741 0.23779075414500295
0 0.01710255856215233 0.3374640716341513 0.0013412915326127678 0.3199515527124409 -0.004092226416875969 0.3354068926576535 0.011669040612663592 0.35291941157936396
0 0.2353669895632835 0.5737460987728638 0.23272689703432625 0.563772415885692 0.22029851113843302 0.5741700197724526 0.22293860366739027 0.5841437026596243
0 0.08418821284623956 0.7567961581339503 0.08143866306491718 0.7421318926335645 0.07695255552697014 0.7447903267301257 0.07970210530829253 0.7594545922305115
0 0.18665476803018605 0.8891518947037663 0.1811749635537261 0.8818454887351529 0.17315785524397553 0.9008490047286354 0.1786376597204355 0.9081554106972488
0 0.7085516995000132 0.908422767446998 0.7010606660400637 0.9050934192425761 0.698535279760005 0.923051721678549 0.7060263132199545 0.9263810698829711
0 0.77434195932852 0.9690879768121058 0.7708764854335617 0.9529157653023002 0.7644675556931474 0.9572562044915757 0.7679330295881057 0.9734284160013809
0 0.9586894854042124 0.5453861588410092 0.9491576855952477 0.5135287657017144 0.9280019410246063 0.5335341979198152 0.937533740833571 0.56539159105911
0 0.9126190629239798 0.18775273231883297 0.8961996866994837 0.18191473188345786 0.8947525552356301 0.19477812267327005 0.9111719314601262 0.20061612310864518
0 0.7852462620690591 0.04118000171511893 0.7800462363422777 0.03985936026069822 0.7788065270549095 0.05528685361461299 0.784006552781691 0.056607495069033696
0 0.12816993212635616 0.21783051250860394 0.1222477747618911 0.20547122757406816 0.11553379798225429 0.21563889611277742 0.12145595534671935 0.2279981810473132
0 0.38127489308247253 0.6259535328513545 0.37253916046530583 0.6135293797958284 0.3691272244936178 0.6211114597329129 0.3778629571107845 0.633535612788439
0 0.6320239532342463 0.7211217086133798 0.6276825588426848 0.7211217086133798 0.6276825588426848 0.7301260821662483 0.6320239532342463 0.7301260821662483
0 0.44534399439709693 0.6225023792248194 0.442015592030233 0.6106680596981922 0.4322715735069502 0.6193294094966659 0.4355999758738142 0.6311637290232931
0 0.5680366118973883 0.28123659801753037 0.5632128403512088 0.2726610041576556 0.5570625316298298 0.2835948863289958 0.5618863031760093 0.29217048018887065
1 0.8177957404375913 0.40964323102502376 0.7191568247373559 -0.034547939837107924 0.5638502910760368 0.07445119248304193 0.6624892067762722 0.5186423633451737
1 0.8518889649705885 0.9240627414781749 0.7646638306229211 0.41037608794139246 0.651571177074234 0.4710682635248197 0.7387963114219014 0.9847549170616021
0 0.717149376495184 0.32218359061602103 0.7148980698544669 0.30829317578702226 0.6985013410454531 0.3166922534443702 0.7007526476861702 0.33058266827336896
0 0.39126951830862045 0.2567532801646515 0.38099488491525807 0.20195523540005145 0.3461190166363798 0.22262241660234952 0.3563936500297422 0.27742046136694953