0 0.09055930188069357 0.5324058498743341 0.08465203703337217 0.5310931243527075 0.08314182548006857 0.5525716886663631 0.08904909032738997 0.5538844141879898
0 0.2298910640833428 0.5101443361159654 0.22412748877040756 0.5057530406394434 0.22210649482950817 0.5141364229128037 0.22787007014244343 0.5185277183893259
0 0.9793533928223397 0.5639708592487277 0.9643671015936605 0.5388656192417094 0.9589452957650956 0.5490945136847162 0.9739315869937748 0.5741997536917345
0 0.9866836626777042 0.6170259699286422 0.970150373155436 0.5666388018607768 0.9620824277921884 0.5750055600152556 0.9786157173144568 0.6253927280831211
0 0.8318913908019164 0.36076864492546207 0.8242920953199351 0.3590799125961325 0.8227299354576719 0.3812972973038697 0.8303292309396533 0.3829860296331993
0 0.5877176410245519 0.6669668019835078 0.5855228249710402 0.6552611163647786 0.5755376178704484 0.6611782761280922 0.5777324339239602 0.6728839617468214
0 0.5690828654543154 0.5417494044890643 0.5635878615467573 0.5241653919848775 0.5573829440908932 0.5302937055215331 0.5628779479984513 0.5478777180257198
0 0.3861513041374419 0.6631543153140397 0.37722671173936173 0.6165278733975391 0.334908952551044 0.642127505499114 0.3438335449491242 0.6887539474156146
0 0.7226867217795122 0.8533144879633494 0.7146503183835772 0.8512734966246993 0.7141438223712283 0.8575765581117074 0.7221802257671633 0.8596175494503576
1 0.8714424969614437 0.9424320541765044 0.7452459249179125 0.14023231258179322 0.5779687629532836 0.22340038545207877 0.7041653349968148 1.0256001270467898
0 0.7391124645202365 0.5517590412167688 0.7371068964334017 0.5383885873045364 0.7303065794922625 0.5416124412618173 0.7323121475790974 0.5549828951740495
0 0.7553425394724843 0.7098299089943555 0.7511295490922234 0.6958273129478846 0.7355074667505107 0.7106824196707536 0.7397204571307716 0.7246850157172244
1 0.791484363514413 0.7953629547751331 0.7512148418148182 0.79429444341992 0.7494879102902867 0.9999911761196668 0.7897574319898815 1.00105968747488