0 0.1819671774102003 0.10563842817791433 0.1691073649480283 0.09389853932355911 0.1626573131970457 0.11622854304625904 0.1755171256592177 0.12796843190061427
0 0.11578391647371572 0.752508361204013 0.10955011939865295 0.7451201572631978 0.09990257630629379 0.7708469388428221 0.10613637338135656 0.7782351427836373
0 0.13966158562730466 0.7469342251950943 0.12615502529800185 0.7469342251950943 0.12615502529800185 0.7658005316868188 0.13966158562730466 0.7658005316868188
0 0.31577748772251735 0.857044871292395 0.3046828131663043 0.857044871292395 0.3046828131663043 0.878483855942082 0.31577748772251735 0.878483855942082
0 0.6967589732723691 0.7884401204133968 0.6895233159530998 0.7884401204133968 0.6895233159530998 0.8090215456770964 0.6967589732723691 0.8090215456770964
0 0.7515734894520049 0.8486470641344933 0.7364844967496259 0.827187163402221 0.7297547471778827 0.8421421624505393 0.7448437398802616 0.8636020631828116
0 0.7336608256006428 0.8085927659841027 0.7225661510444299 0.8085927659841027 0.7225661510444299 0.8407512429586331 0.7336608256006428 0.8407512429586331
0 0.8626002625835948 0.8467541586605455 0.8452346850173483 0.8467541586605455 0.8452346850173483 0.8763399574771136 0.8626002625835948 0.8763399574771136
0 0.8786951881327989 0.9566995467689158 0.8710183321965008 0.9551831307814987 0.8695682594085332 0.978384295388977 0.8772451153448313 0.9799007113763941
0 0.8874754147970798 0.9946338943206743 0.8870646317845313 0.9683437815175642 0.8810931224595152 0.9686386708669477 0.8815039054720637 0.9949287836700579
0 0.951032982102306 0.6981094218526853 0.9413854390099469 0.6946791843087347 0.9403557493145122 0.7038319816014853 0.9500032924068713 0.7072622191454361
0 0.9825934627432503 0.784397256077583 0.9811735484431949 0.7398014291721412 0.9642127192027449 0.7415081792843877 0.9656326335028003 0.7861040061898296
0 0.926856429167643 0.6254473531845415 0.9226915142228928 0.6161919866406523 0.9146028729107014 0.6276958320624361 0.9187677878554517 0.6369511986063252
0 0.8958561369222561 0.4864804843869614 0.8949124946105035 0.4774215181941359 0.8852393612181646 0.4806060888582805 0.8861830035299172 0.48966505505110586
0 0.6861132569757284 0.12533560256740106 0.6814379091694314 0.1197944496117896 0.6756864892489864 0.13513156939964244 0.6803618370552835 0.14067272235525388
0 0.6239578073106316 0.28139073740245585 0.61230253227743 0.2779373225778028 0.6110639963398973 0.29114837257815 0.6227192713730988 0.2946017874028031
0 0.6413820523686556 0.4231197958120952 0.6339052064720774 0.4231197958120952 0.6339052064720774 0.43512562721591985 0.6413820523686556 0.43512562721591985
0 0.7036087053143721 0.33093217490375904 0.6913080878716142 0.33093217490375904 0.6913080878716142 0.3545150580184147 0.7036087053143721 0.3545150580184147
0 0.5772258908044674 0.5590429584911107 0.5721609306809788 0.5590429584911107 0.5721609306809788 0.5757653665178666 0.5772258908044674 0.5757653665178666
0 0.29973668548119853 0.34003694827009906 0.2900303159065688 0.3262323337639592 0.28042983400002613 0.3475667380007211 0.29013620357465586 0.3613713525068609
1 0.8543860702945586 0.7572735736357067 0.8456976224388689 0.6136075911756121 0.4211481583974919 0.6947544093091623 0.4298366062531816 0.8384203917692569