0 0.17940946316782425 0.21550467369865398 0.16990663322185073 0.18171683389074678 0.1594872866821028 0.1909784752594112 0.16899011662807628 0.2247663150673184
0 0.17182475578058132 0.2270649660001645 0.16392246302809 0.21085513471300263 0.15889974151331798 0.21859384638020687 0.1668020342658093 0.2348036776673687
0 0.16932778063630896 0.26284195180516234 0.16378044335820244 0.26284195180516234 0.16378044335820244 0.28856873338478667 0.16932778063630896 0.28856873338478667
0 0.13966488958041842 0.2852970855903003 0.13650300645049113 0.2703074174187931 0.1211726640023588 0.28052764571754796 0.12433454713228607 0.29551731388905517
0 0.15772176401550092 0.2489051264028671 0.14766202797346822 0.22356949488959954 0.1131748465057821 0.2668475265353233 0.1232345825478148 0.29218315804859085
0 0.11099422889788232 0.3105696092439643 0.10947646559186534 0.29827760024708594 0.09601274977147156 0.30353173325016647 0.09753051307748854 0.31582374224704485
0 0.16289873748692657 0.424931300441272 0.15735189750485576 0.4244830709477713 0.15698041736619636 0.43901207192644986 0.16252725734826717 0.4394603014199505
0 0.7620180487421905 0.8977373748377855 0.7506053001669937 0.8839696146518334 0.7471313420735616 0.8930709785457372 0.7585440906487584 0.9068387387316892
0 0.7727306580946276 0.7816841195654142 0.7722213461750309 0.7690079117887871 0.7583034185260539 0.7707752676807207 0.7588127304456506 0.7834514754573478
0 0.8987592540937568 0.5895892185858577 0.8857273528845981 0.585376886881887 0.8845580706618041 0.5968098686158722 0.8975899718709628 0.6010222003198427
0 0.8981429463409154 0.6332470624797826 0.8904135618163311 0.6172157464287931 0.8853684642815622 0.6249035141008219 0.8930978488061465 0.6409348301518114
0 1 0.5593859770113786 0.983918116970011 0.5593859770113786 0.983918116970011 0.5911156742929153 1 0.5911156742929153
0 0.846496286806349 0.4501131475752244 0.8356984597299005 0.43731572289202725 0.8298728279395148 0.4528507409997238 0.8406706550159633 0.46564816568292106
0 0.7283984773600386 0.8585860969954735 0.717445418115273 0.8527444653982652 0.7151021272586655 0.8666306334374201 0.7260551865034311 0.8724722650346285
0 0.7686813952491205 0.7816653803275874 0.751798194837492 0.7816653803275874 0.751798194837492 0.8001029071263182 0.7686813952491205 0.8001029071263182
1 0.7435186071449551 0.7163300504330086 0.7271064832445423 -0.003970872769934945 0.5705037541625357 0.007306426045135563 0.5869158780629485 0.727607349248079
1 0.7997516543901443 0.6618562730460441 0.6183633464387176 0.5963413862663365 0.5788019468979493 0.9425165355589038 0.760190254849376 1.0080314223386113