0 0.9342286506262556 0.0643068183237086 0.9307298793113332 -0.0024172245305702006 0.8987093094260286 0.0028893859212316807 0.9022080807409509 0.06961342877551048
0 0.9528734500191602 0.10527949863447755 0.946415933949311 0.07370942007077058 0.9294130194993102 0.08470120314955902 0.9358705355691594 0.11627128171326599
0 0.7059723651487861 0.030014578509561914 0.6980131420975898 0.030014578509561914 0.6980131420975898 0.05102478346625515 0.7059723651487861 0.05102478346625515
0 0.7326693868021747 0.12782111587567474 0.7258982613794192 0.11741577059324824 0.7108147354195231 0.1484372270336447 0.7175858608422785 0.1588425723160712
0 0.8024540723550582 0.19515214346809126 0.796966808068326 0.18247046600542158 0.7925608576263321 0.18849569737908833 0.7980481219130644 0.20117737484175802
0 0.7836350870422772 0.15736214732870255 0.7751934868364629 0.15736214732870255 0.7751934868364629 0.1663665208815711 0.7836350870422772 0.1663665208815711
0 0.7823623534727852 0.13634534576134774 0.7806703228381253 0.12531581273541648 0.7716498700467693 0.1296893656039527 0.7733419006814292 0.14071889862988396
0 0.7826703327330413 0.09304519337964165 0.7722992239087552 0.09304519337964165 0.7722992239087552 0.11105394048537871 0.7826703327330413 0.11105394048537871
0 0.7832013607436257 0.11360192518789697 0.7645687239886102 0.10215885130198846 0.7612461483274827 0.11925748628322881 0.7798787850824982 0.13070056016913734
0 0.7696943872738182 0.0807820941600208 0.7568872738187115 0.07319269359403154 0.7507852028127943 0.10573707229225635 0.763592316267901 0.11332647285824561
0 0.7510697318755689 0.03761072637021242 0.7504747184310403 0.022801502861941245 0.7408075864186966 0.02402907518096875 0.7414025998632252 0.03883829868923992
0 0.7578688658210804 0.04849255622272635 0.7508935101361898 0.046167437661095954 0.7491159958287011 0.06302090665061574 0.7560913515135917 0.06534602521224614
0 0.7757795656945541 0.04346941833114945 0.7736505368755535 0.0341066717119188 0.7583184511743386 0.045125475620120606 0.7604474799933392 0.054488222239351264
0 0.7338760282466863 0.06494363196189824 0.729367657147757 0.059600377326129994 0.723727555032224 0.07464064963421792 0.7282359261311533 0.07998390426998617
1 0.691597531829564 0.05574136008918627 0.5290364307233125 0.05574136008918626 0.5290364307233125 0.6959094417288394 0.691597531829564 0.6959094417288394
1 0.9743606450369007 0.7791601039123732 0.931720984545578 0.4876842701266955 0.5148956853069939 0.6804013479494885 0.5575353457983165 0.9718771817351661
0 0.22793660492239073 0.3207272103593173 0.21828906183003158 0.3207272103593172 0.21828906183003158 0.33359060114912936 0.22793660492239073 0.3335906011491294
0 0.6266213291025253 0.38710230683474867 0.6195786226451034 0.3808421233170398 0.6115229241629832 0.40948460680902127 0.618565630620405 0.4157447903267301
0 0.5326542593829472 0.6268759111568474 0.5259009792182958 0.6268759111568474 0.5259009792182958 0.653889031815453 0.5326542593829472 0.653889031815453