0 0.021839385774025985 0.32750155502853706 0.013655825749175496 0.3255617482078318 0.012061242753342336 0.3468228548189406 0.020244802778192825 0.34876266163964587
0 0.09146189989969039 0.4159554439186404 0.08942830990345868 0.4023981772770957 0.041736020892423946 0.42500785503047506 0.043769610888655656 0.43856512167201983
0 0.07692401250006974 0.3542938099942709 0.06455917324678578 0.3451346698066532 0.05582500701524172 0.3824004457279079 0.06818984626852567 0.39155958591552564
0 0.1624184372745753 0.5130727361693324 0.1522033916473715 0.5085327158905751 0.14838693710054113 0.5356719482235907 0.15860198272774495 0.540211968502348
0 0.21312206038537385 0.44598035529345004 0.2060422479929811 0.4361909850718698 0.19858766565738506 0.45323003041037485 0.20566747804977786 0.463019400631955
0 0.26160653914731363 0.7554240840528788 0.2507530531684096 0.7554240840528788 0.2507530531684096 0.7832947640974718 0.26160653914731363 0.7832947640974718
0 0.5501333374561626 0.9282727449991195 0.5336757639456676 0.9209582678833446 0.5313631911161758 0.9374032302263987 0.5478207646266707 0.9447177073421736
0 0.8055376472267345 0.7964542190522775 0.8029756440818756 0.7793741980865518 0.7954247402818911 0.7829538858139519 0.79798674342675 0.8000339067796776
0 0.9743863443947601 0.438881747794799 0.9733202908830544 0.42561530409357284 0.9610293209833889 0.42873682025856735 0.9620953744950946 0.4420032639597935
0 1 0.138238572039783 0.9877771342069546 0.138238572039783 0.9877771342069546 0.1884057961200505 1 0.1884057961200505
0 0.4002512257153591 0.29944567661917415 0.3909990737333424 0.2797077523908723 0.3843090561463459 0.28961888955679327 0.3935612081283626 0.30935681378509505
0 0.5173762892742395 0.3442468693255336 0.5153411506219098 0.33429730258081025 0.5041866190465105 0.34150831289217937 0.5062217576988404 0.3514578796369028
0 0.6008929107385996 0.2700954863678471 0.5810842827878686 0.23667075822499412 0.5709089460428822 0.25572932546163524 0.5907175739936132 0.2891540536044882
0 0.4531777934996995 0.014081125117914508 0.4386920075465223 0.010402195352028219 0.43764042534945513 0.02348855158219714 0.4521262113026323 0.02716748134808343
1 1.001861330488253 0.23267775906957017 0.518351919142097 -0.009876450355550946 0.44288972586469266 0.46554687559961117 0.9263991372108488 0.7081010850247322
1 1.0064849182638167 0.7520421849086284 0.9937179005970881 0.53358432705572 0.44915428881737673 0.634167504989059 0.4619213064841053 0.8526253628419673
2 0.183778857196249 0.006626817638262154 0.17804868675837676 0.00422988359889076 0.16537093250932652 0.10001736014727043 0.17110110294719877 0.10241429418664183