0 0.13190196691595021 0.07077822035727693 0.12852532683362447 0.05577093110249604 0.12120650103942102 0.06097542944504078 0.12458314112174676 0.07598271869982166
0 0.17255424669880076 0.5691281857117658 0.16944154883315277 0.5497602878810676 0.15169826085338478 0.5587727516168228 0.15481095871903275 0.5781406494475211
2 0.15026354797001074 0.924663845553748 0.08865052519460659 0.8166097755812675 0.05428759280818393 0.8785362777814567 0.11590061558358808 0.9865903477539375
0 0.22878090702891954 0.992491875306815 0.21194301275888458 0.9592318372425497 0.20414769133757243 0.9717043515166495 0.2209855856076074 1.004964389580915
0 0.3542041254154384 0.8059782556609699 0.33990929022371114 0.8031545845119868 0.33887100281163707 0.8197671831051712 0.3531658380033643 0.8225908542541542
0 0.5177627652171768 0.8004152369395001 0.5082575855830573 0.7908641385631868 0.5053647048248471 0.7999631139394379 0.5148698844589665 0.8095142123157512
0 0.4562911182942504 0.9613442704963779 0.4545602355629741 0.9474972086461683 0.44608174769239495 0.9508467347184959 0.44781263042367125 0.9646937965687056
0 0.9627077097301922 0.11758652521981203 0.9609342643088025 0.1049753577788196 0.9248978533461669 0.12099154042888077 0.9266712987675565 0.13360270786987322
0 0.9932559623792994 0.035546332324330104 0.9595334409472689 -0.012726021587032597 0.9537695448063888 1.9737298215558337e-16 0.9874920662384192 0.0482723539113629
0 0.48292489498229685 0.17658444989347843 0.47203743093591966 0.17324729616278822 0.46967289165029247 0.1976283234634784 0.48056035569666966 0.20096547719416857
0 0.22436418529813312 0.04186907590409456 0.22171962348575702 0.02071258140508582 0.20008926437015298 0.02925790846310224 0.20273382618252908 0.050414402962110985
0 0.27586077817788124 0.5621730711864732 0.27490530035238797 0.5536799349598664 0.2667883770775666 0.5565659521242474 0.26774385490305985 0.5650590883508542
0 0.4718223384158043 0.028221255841859874 0.4649433426136284 0.025296851829340605 0.45984830130414556 0.0631751387362028 0.46672729710632144 0.06609954274872207
0 0.3763640612867291 0.6307349283937909 0.366475329617061 0.6307349283937909 0.366475329617061 0.7070577137466765 0.3763640612867291 0.7070577137466765
0 0.5358861863188875 0.7266958132175356 0.5315930296427877 0.7037989776116699 0.5249362249090599 0.7077437507872122 0.5292293815851596 0.7306405863930779
1 0.8934580512624097 0.14740769667169162 0.5257194539996436 -0.042141346579001086 0.48792176642079005 0.18961828717159768 0.8556603636835561 0.37916733042229045
1 0.979042370147928 0.6562454802337564 0.9115852505065919 0.4440726594815183 0.5883201287085005 0.7688994485346705 0.6557772483498365 0.9810722692869085
0 0.9774276491861513 0.6734739034623541 0.9711891818813423 0.6640895423884534 0.965617725745505 0.6757952280071824 0.971856193050314 0.6851795890810832