1 0.8052620903145553 0.3179767454993818 0.663937349307948 0.003921765484699 0.5949632988458073 0.10201819280863234 0.7362880398524145 0.4160731728233152
0 0.02958311894348682 0.1482720178372351 0.017297343874717156 0.14231527840995287 0.01555522022784692 0.1536713436636256 0.027840995296616582 0.1596280830909078
0 0.012072828230854989 0.16979675842552086 1.1903444013451482e-17 0.16979675842552086 1.2892936257745834e-17 0.1985249978561014 0.01207282823085499 0.1985249978561014
0 0.14145794942029366 0.5627335733723539 0.13215440017213265 0.5580817987482733 0.12955545683274983 0.5745096875107918 0.13885900608091084 0.5791614621348723
0 0.07815849841351513 0.9316525378733057 0.058139846496869936 0.9316525378733057 0.058139846496869936 0.9505188443650303 0.07815849841351513 0.9505188443650303
0 0.20021934899646113 0.9504392970011717 0.18903518365590719 0.9433382396420897 0.18458247145943377 0.9655028514645352 0.1957666367999877 0.9726039088236171
0 0.17646696546885127 0.9051539528462926 0.16546876634356183 0.8953777758460354 0.15558003467389364 0.9305377106715219 0.16657823379918307 0.9403138876717794
0 0.9976658658766228 0.6975388254987241 0.9856064370111738 0.6975388254987241 0.9856064370111738 0.7181202507624236 0.9976658658766228 0.7181202507624236
0 1.0051887846204823 0.5854166576578508 0.9962685736616532 0.5478903585046049 0.9858891642371636 0.5556880666958331 0.9948093751959926 0.593214365849079
0 0.7947923071732254 0.44499217240924005 0.7937630547623786 0.40961638584384713 0.7762115624908243 0.4112303161676684 0.7772408149016711 0.4466061027330612
0 0.8244442296533144 0.3991081434727 0.8156890842969984 0.39391990918747566 0.8118059482023238 0.4146299683590733 0.8205610935586398 0.41981820264429764
0 0.9002256806437954 0.12057284836130797 0.8840660459640939 0.12057284836130797 0.8840660459640939 0.19903953217916232 0.9002256806437954 0.19903953217916232
0 0.8888629583675345 0.1531266626217159 0.887980521350013 0.1285491575411212 0.8654978964968285 0.1311003773826173 0.86638033351435 0.155677882463212
0 0.29863482480909986 0.35804625268779383 0.28915893583086894 0.31256198559228543 0.2739902399862872 0.32254960425538454 0.28346612896451817 0.3680338713508929
0 0.5261217845465346 0.4953519554221448 0.5206017985503908 0.47327201143757036 0.51491770486247 0.47776314719098933 0.5204376908586138 0.49984309117556375
0 0.9430751953785976 0.7851048285453237 0.9283130927971915 0.7775667336101376 0.9209240985475912 0.8232994387599273 0.9356862011289973 0.8308375336951135
0 1.0055660984679315 0.7715842994812204 0.9471865154021905 0.7456378181186688 0.9410291128991259 0.7894237914737943 0.9994086959648669 0.8153702728363457