0 0.024842515872241375 0.25372520578465263 0.02390936558348043 0.2338179996244191 0.015506022876135884 0.23506293928476646 0.01643917316489683 0.25497014544499996
0 0.0159473179425694 0.25892953674410313 0.015596911896290356 0.24460182285180293 -0.00006123257172351102 0.24581211421164928 0.0002891734745555331 0.2601398281039495
0 0.01134926249892806 0.2591544438283526 1.8029434623220665e-17 0.2591544438283526 1.949152017822277e-17 0.30160363343473284 0.011349262498928061 0.30160363343473284
0 0.016062483427552482 0.32632351942778137 0.013441015035158661 0.3133410092940216 -0.0006055155277933447 0.3223051769467317 0.002015952864600476 0.3352876870804915
0 0.01603058710011975 0.5275647892956307 0.015086066731933266 0.518049621142048 0.0041338391207081104 0.5214856141181187 0.005078359488894596 0.5310007822717012
0 0.012798323471400412 0.6130932271735108 0.00034774033101793445 0.6090687962594479 -0.00033916473715801115 0.6157852013705017 0.012111418403224467 0.6198096322845646
0 0.22825833720808553 0.8457164331283276 0.2159625877916586 0.8419148487676931 0.21218676955019034 0.880512101902702 0.22448251896661725 0.8843136862633364
0 0.2962643806474631 0.9286423217285987 0.28704499628036195 0.9157488419618676 0.25625941716700534 0.9853207721615438 0.26547880153410647 0.9982142519282748
0 0.36857639566144057 0.7970848457400882 0.36324339679272766 0.7918703579573467 0.35840573722866087 0.8075072373563507 0.3637387360973737 0.8127217251390921
0 0.7236059343723198 0.9561450287759887 0.7226718514428573 0.9453511815910886 0.711416849219647 0.9484294727974366 0.7123509321491095 0.9592233199823368
0 0.9224769565530981 0.8806103714465239 0.9142635077041981 0.8601680098670383 0.9099742621942166 0.865614670832094 0.9181877110431168 0.8860570324115795
0 0.8945577490770344 0.8280164546719564 0.8665798741091929 0.7782780102846826 0.8593442167899235 0.7911414010744948 0.887322091757765 0.8408798454617687
0 0.9634963827734797 0.7977346230660761 0.9602651166281619 0.7824160280067931 0.9544765907727464 0.786275045243737 0.9577078569180641 0.8015936403030202
0 0.9713982221508309 0.7609528558982692 0.9571461848887143 0.7604836530254424 0.956961965433711 0.778168720705752 0.9712140026958277 0.7786379235785789
0 0.9886827290538316 0.6003951402345662 0.9871991917669878 0.5911642415608708 0.9786301711807084 0.5955167599539016 0.9801137084675522 0.604747658627597
0 0.9983894316085496 0.5705342751998513 0.9904302085573533 0.5705342751998513 0.9904302085573533 0.5851127847616385 0.9983894316085496 0.5851127847616385
0 0.9992813742718054 0.42601124811230084 0.9923801954512568 0.41919526903027804 0.9866349015106423 0.4375802096402456 0.9935360803311908 0.44439618872226844
0 0.8977239729177767 0.30577610864688864 0.8970436547928156 0.2912626553143834 0.8812150306433517 0.29360763666985945 0.8818953487683129 0.3081210900023648
0 0.3012096917646619 0.33804990733920076 0.2872207542807412 0.33804990733920076 0.2872207542807412 0.35048451843601924 0.3012096917646619 0.35048451843601924
0 0.28459733946876625 0.6325114242689807 0.2812981452598884 0.6129606437719266 0.2742173796875147 0.6167370520771925 0.2775165738963925 0.6362878325742467
0 0.4699464344512244 0.6390080284564984 0.4694700536976998 0.6229169452263328 0.46220374810617565 0.6235968334688146 0.4626801288597003 0.6396879166989802
0 0.6240780430274325 0.1946068385925379 0.6171792180316464 0.16598949046186945 0.6062924646627688 0.1742841596953 0.6131912896585547 0.20290150782596847
0 0.6282303363143886 0.23997296477729538 0.6254827757172091 0.2272731291281095 0.6202624105825678 0.23084260956205213 0.6230099711797474 0.243542445211238
0 0.6939032111099224 0.5020828898902241 0.6832764259303047 0.49526075619466714 0.6804470287360166 0.5091900962280855 0.6910738139156343 0.5160122299236425
0 0.7837828558975231 0.4462934879218412 0.7759833225402808 0.43096808904445294 0.7591653813821138 0.45801916900256295 0.7669649147393562 0.4733445678799513
0 0.4493848776510174 0.7275262037184209 0.4434348981323353 0.7142284717147631 0.40965079539514737 0.7620039705350288 0.4156007749138295 0.7753017025386866
1 0.9452073044098657 0.5513390985565784 0.43100869534444886 0.5228726500540055 0.4266631807344261 0.7709538025217175 0.940861789799843 0.7994202510242903
2 0.9583181006731635 0.7016120418030451 0.9522916817082323 0.6863247515892105 0.8700771988426668 0.7887559105692593 0.8761036178075979 0.804043200783094
1 0.8929795988306247 0.14138778721047324 0.6175526680376726 0.08018180258982943 0.5849847889139728 0.5433694167936536 0.8604117197069249 0.6045754014142974