1 0.7888022260653051 0.7906492973075346 0.7168230154471751 0.41423567813002105 0.6254451534081101 0.46946092808509454 0.6974243640262402 0.8458745472626082
0 0.14976738701655076 0.14591372952576956 0.13913097075722483 0.1396106680387616 0.13700851127690583 0.15093045193379634 0.14764492753623176 0.1572335134208043
0 0.056421790877682704 0.8817731248198422 0.047540764907730154 0.8671123835361111 0.043434611977872656 0.8749737361539579 0.052315637947825205 0.8896344774376891
0 0.1587285583173173 0.9081746705014648 0.1576953933080315 0.8885828006957486 0.1501342598253849 0.889842989609523 0.15116742483467072 0.9094348594152392
0 0.2437988041052974 0.9179849627630241 0.2325400012226169 0.9126474562112347 0.23059448008448966 0.9256175971320827 0.24185328296717015 0.930955103683872
0 0.5853057081443179 0.9558785905274552 0.576140542206579 0.9395849621936895 0.5717991478150168 0.9473029966675741 0.5809643137527558 0.9635966250013398
0 0.6227190465934369 0.8705736098816802 0.6177123044024021 0.8483214223659706 0.6040310902757376 0.8580502857449323 0.6090378324667725 0.8803024732606418
0 0.9116821380659719 0.4670697143439525 0.906617177942483 0.4580653407910845 0.8980549834480146 0.4732870198923632 0.9031199435715035 0.4822913934452312
0 0.8463985701092734 0.3164574269758632 0.8423987880087045 0.2937031110259607 0.8169512472967595 0.30784063364370834 0.8209510293973284 0.33059494959361085
0 0.857631117100407 0.25043906650942727 0.8491994287539344 0.24481794094511222 0.8460375456240071 0.25980760911661943 0.8544692339704797 0.2654287346809345
0 0.8745390971603888 0.2719749671171204 0.8679064112843919 0.26018352555979224 0.8613943196970495 0.2717605772706231 0.8680270055730465 0.2835520188279512
0 0.9687687438782828 0.012151454695785071 0.9578105911582826 0.006585408869753155 0.9528320948643954 0.03756271914282916 0.9637902475843956 0.043128764968861075
0 0.747869021989811 0.06783176730401427 0.7416700330051219 0.061897692378500103 0.7366747741677365 0.07838997552415389 0.7428737631524256 0.08432405044966806
0 0.7350577066113201 0.12665356457377966 0.7321236600007572 0.11491737813152841 0.7204869327656438 0.12411182928026016 0.7234209793762066 0.13584801572251137
0 0.3334682510815597 0.4800277428446116 0.3331164484325883 0.4693954850090323 0.32613195990761995 0.4701258890377871 0.32648376255659134 0.4807581468733664
0 0.26933421233170385 0.34504759978004923 0.25914640682617257 0.32089872747064174 0.254592766486579 0.3269702479234331 0.26478057199211036 0.3511191202328406