1 0.9699291794860903 0.1513592316267903 0.7804781936947163 -0.030545342828727524 0.5460810085647955 0.7409984597840894 0.7355319943561694 0.9229030342396073
0 0.22003105885427504 0.309176877857842 0.21538692627813866 0.2944991255184479 0.21137904487478473 0.2985070069218019 0.21602317745092114 0.31318475926119593
0 0.23271781377845702 0.3542981380872389 0.2254112186423321 0.34650443660870545 0.22085701080020367 0.3599983857705672 0.2281636059363286 0.3677920872491007
0 0.21563598747963283 0.431352371151702 0.20579549352542628 0.42260526541463 0.20241885344310082 0.4346110968184546 0.21225934739730737 0.44335820255552655
0 0.21245775913260284 0.4485375376395756 0.20592018346916738 0.43585860301957957 0.1997166312316655 0.44596809555476796 0.20625420689510096 0.4586470301747638
0 0.09427285878689584 0.6932957880370755 0.09328011672466159 0.6782943524299804 0.08261678283230492 0.6805245921983165 0.08360952489453917 0.6955260278054116
0 0.11892663667558293 0.7273019889504057 0.10899561440605787 0.7254435520344713 0.10722205237455845 0.7553970441220174 0.1171530746440835 0.7572554810379518
0 0.12469318721358016 0.9369913679531425 0.12384020322065833 0.9233436240663904 0.11454856034603567 0.9251790103132289 0.11540154433895748 0.9388267541999811
0 0.34177761341222873 0.9157876892325374 0.3352655218248863 0.9157876892325374 0.3352655218248863 0.9256496221713935 0.34177761341222873 0.9256496221713935
0 0.5469326113828527 0.8210273770809211 0.5416264626820552 0.8210273770809211 0.5416264626820552 0.8330332084847458 0.5469326113828527 0.8330332084847458
0 0.8588899232367732 0.8268775767277938 0.853309546427528 0.800422457039523 0.8448514264561446 0.8060612036871124 0.8504318032653897 0.8325163233753833
0 0.8293127834912121 0.7244025385238373 0.8284867989995224 0.7168769020439982 0.8141835561718763 0.7218384605316371 0.815009540663566 0.7293640970114761
0 0.837162038148715 0.6197489078091247 0.8176550971325767 0.6142732752431908 0.8129910315362364 0.6667871989945726 0.8324979725523748 0.6722628315605067
0 0.850424886181898 0.2704160185636023 0.8419421290261944 0.2543930328250508 0.8376463170630049 0.26158079663274036 0.8461290742187085 0.27760378237129185
0 0.2828050595097135 0.21252407540032958 0.27467309328828243 0.19228451502698976 0.2701785115570786 0.19799192039994692 0.2783104777785097 0.21823148077328672
0 0.26704515625359476 0.4359074860853307 0.26157852890916333 0.4356037845661957 0.26115380170717056 0.4597660431684576 0.266620429051602 0.46006974468759254
0 0.27077169625246533 0.4618814957611106 0.26507964582797344 0.45682189538378437 0.25972525941171415 0.4758597137527063 0.26541730983620604 0.4809193141300325
0 0.8427589552090885 0.25093953982554434 0.8192785378298909 0.22589376128773372 0.80750995401355 0.2607636392620776 0.8309903713927476 0.2858094177998882
0 0.9229520178237484 0.09709657617182366 0.8872771214605596 0.05282081380912393 0.8829646489161094 0.06380272587427023 0.9186395452792981 0.10807848823696996
0 0.7475050263846064 0.1286339078981218 0.7394159325610128 0.10706299103520608 0.7332377943884059 0.114385228869407 0.7413268882119994 0.1359561457323227
0 0.699897008667893 0.26667315499673144 0.6866212071395832 0.25417828297008693 0.6835294303228899 0.2645605458607111 0.6968052318511997 0.2770554178873556
0 0.6146195344988693 0.6700208250121704 0.6140658330957085 0.6542710962111553 0.6096812687642396 0.6547582700257631 0.6102349701674004 0.6705079988267783
0 0.3441783732932202 0.26757172426647985 0.3432915414474226 0.2549590046818025 0.33281282541172175 0.25728760824529157 0.3336996572575194 0.269900327829969
0 0.07474067979360005 0.40316585302594743 0.05609268491385708 0.3766442603080907 0.049974730757726876 0.39023971398838003 0.06862272563746985 0.41676130670623673
0 0.07092284109424572 0.3965354548464832 0.06956100802968405 0.3747461258134964 0.06379013011894971 0.37588605231438227 0.06515196318351138 0.397675381347369
0 0.1668732297358252 0.41170837380216785 0.1629724180883731 0.40725030334793694 0.1554180783889771 0.4281413168376247 0.15931889003642918 0.4325993872918556