1 0.9057563435011773 0.657757889778741 0.7509149450980428 0.2657015544280438 0.5170813287913122 0.5575789762009844 0.6719227271944468 0.9496353115516816
0 0.09173227523157615 0.3146666632711767 0.08546928004374954 0.305388151881804 0.08189099049514913 0.3130218362521516 0.08815398568297574 0.32230034764152427
0 0.2060266524787286 0.37956257155352313 0.18840317029516165 0.3764295080542223 0.18673395429972622 0.4061044590841851 0.20435743648329316 0.4092375225834859
0 0.3356696659579008 0.7811197624423379 0.3254872590775196 0.7705602293812019 0.3215595093444516 0.7825305142819805 0.33174191622483284 0.7930900473431165
0 0.6750056695541456 0.7857576746540281 0.671991777092093 0.7562885039139543 0.6606790680619925 0.7599451371358046 0.6636929605240451 0.7894143078758784
0 0.8329198800112191 0.8492259474789802 0.8273583551697419 0.8096773263840282 0.8129437907846875 0.8160837994440518 0.8185053156261648 0.8556324205390039
0 0.8773749092839132 0.6134550685606251 0.8579041712801342 0.6064148017118012 0.8558466497450438 0.6243990640185176 0.8753173877488227 0.6314393308673415
0 0.8632559644944876 0.6292375117510027 0.8508739371225155 0.5567573515248241 0.8357452485132191 0.564925598214288 0.8481272758851912 0.6374057584404665
0 0.8320120015091261 0.4188942497918087 0.8260356473811161 0.40675181600791505 0.8228425667470078 0.4117188303276389 0.8288189208750179 0.42386126411153263
0 0.8985028260765135 0.18780127996387583 0.8829811640489889 0.17070073212760445 0.8562412775189558 0.24740909348648732 0.8717629395464805 0.26450964132275867
0 0.2828085437022681 0.11863450867669013 0.28258404034403983 0.10107335709972609 0.26526030034205555 0.10177330619071537 0.2654848037002838 0.11933445776767942
0 0.12683398290111658 0.4125550574832995 0.11275029053544096 0.37872036110930396 0.10581822287021521 0.3878398812377786 0.11990191523589085 0.42167457761177424