1 0.6852701135561046 0.10122431286585624 0.5999901521592303 0.032311212747171664 0.5020279423344213 0.4154523000619899 0.5873079037312955 0.4843654001806745
1 0.9155462415029189 0.9082679566511573 0.6353537018179728 0.33074639240977344 0.5303673274983628 0.4917279950865266 0.8105598671833089 1.0692495593279103
0 0.08495519252208208 0.062284538204270615 0.08406279478603887 0.05117914415573274 0.0706237672583826 0.0545922305119629 0.07151616499442581 0.06569762456050077
0 0.12800594438004712 0.9158214134780539 0.11938819521327684 0.8913087047370184 0.11188695946056618 0.8996434111289192 0.12050470862733645 0.9241561198699547
0 0.9521953481408306 0.8995547175382721 0.9428807629381224 0.8919119809616911 0.9342544475779788 0.9251392697563183 0.943569032780687 0.9327820063328992
0 0.9499375066113138 0.9316110663302494 0.9078403630738316 0.9109108160801398 0.905172987802743 0.9280549716686757 0.9472701313402252 0.9487552219187848
0 0.9203662818411025 0.8942668028437394 0.9166129539807324 0.8835906702631311 0.9038001495591947 0.8978271196203953 0.9075534774195648 0.9085032522010034
0 0.7704215638903957 0.011370480304033512 0.7607555034408536 0.0019192211978147355 0.7585199954949322 0.009145105467459835 0.7681860559444743 0.018596364573678612
0 0.5296975987712289 0.12608455477233238 0.5268533571039234 0.09141189444708606 0.5185285073399089 0.09357018883034922 0.5213727490072143 0.12824284915559553
0 0.3589984837204827 0.11577051710830968 0.3514010435352498 0.10226395677900696 0.34705964914368825 0.10998199125289432 0.35465708932892115 0.12348855158219704
0 0.33217732612067724 0.22246583152675126 0.3299579796248317 0.20345567164314513 0.30922596927441187 0.21110521843910718 0.3114453157702574 0.23011537832271328
0 0.48065536733349357 0.28236437736312325 0.47524000116372594 0.2650352056198668 0.4415737163536915 0.29828585728409845 0.44698908252345915 0.31561502902735483