1 0.7537147484702648 0.20405073208514787 0.6441789155961762 0.12438830817672104 0.5285510595032379 0.6268698556423372 0.6380868923773264 0.7065322795507641
1 0.6065061899781704 1.9737298215558337e-16 0.5765870460445912 -0.030872279055006176 0.543318796945278 0.07102565125185951 0.5732379408788573 0.10189793030686589
0 0.16372583462371743 0.20443892154626045 0.1554116547983683 0.2002158460794164 0.15388261023278682 0.20972990115414536 0.16219679005813595 0.21395297662098944
0 0.18862286682102722 0.17708601320641448 0.16836302632707303 0.17708601320641448 0.16836302632707303 0.19209330246119538 0.18862286682102722 0.19209330246119538
0 0.2250087059660637 0.7205570891189615 0.2074999797198792 0.7044173579290631 0.18981733695362443 0.7650435616990795 0.20732606319980892 0.7811832928889779
0 0.9732232207405703 0.9622016225755033 0.9627562972759832 0.9552236735991124 0.9600701833944464 0.9679578431115843 0.9705371068590335 0.9749357920879752
0 0.9040846978807391 0.7232656070783485 0.8944371547883799 0.7232656070783485 0.8944371547883799 0.7387016760261231 0.9040846978807391 0.7387016760261231
0 0.844713464961816 0.30884960577271714 0.8273312776587337 0.3080200308380435 0.8259202099502843 0.4014640701975836 0.8433023972533665 0.40229364513225724
0 0.8697586708923379 0.4004051665134103 0.8649198787052228 0.3839825990904736 0.8588004695880542 0.3896810964694242 0.8636392617751694 0.4061036638923609
0 0.87885637269422 0.1462996312494646 0.8645780089175288 0.1336077523368494 0.8608637048269703 0.14681416688105633 0.8751420686036616 0.15950604579367156
0 0.8484098133362158 0.19832236180872562 0.8448970411378408 0.16745457309411568 0.7968109182013159 0.18474951775978937 0.8003236903996909 0.21561730647439928
0 0.7195966494488631 0.24219906721119885 0.7048374793771579 0.22478411727408362 0.6759178622754191 0.302245847229556 0.6906770323471243 0.31966079716667123
0 0.7045972834163856 0.7529641912961225 0.6797119085630812 0.7118835724906672 0.6741711791912022 0.722491464621444 0.6990565540445066 0.7635720834268992
0 0.7069259782510411 0.7679704076667594 0.6904758060524009 0.7381632580418729 0.6822397826876485 0.7525288166151936 0.6986899548862888 0.78233596624008
0 0.47209737939930124 0.5010653526218225 0.46687657434893604 0.495761677650023 0.4618450095669211 0.5114154347496254 0.4670658146172863 0.5167191097214248
0 0.42132669055449273 0.33902109488733545 0.402080156101411 0.30983680735063646 0.3925113586036465 0.32978096765249054 0.41175789305672816 0.35896525518918954
0 0.4560036136627608 0.3497585997639253 0.45074585630072284 0.3179783774867174 0.416560063874884 0.3358533016309467 0.42181782123692196 0.3676335239081545
0 0.636938629485238 0.04324230811365205 0.6333500780517509 0.0017746026600203733 0.621442611931543 0.005031345530504389 0.6250311633650302 0.046499050984136064
0 0.5120993234592667 0.11606814065991711 0.5080076301830366 0.08333459445007738 0.49442161949885566 0.08870190731296379 0.49851331277508565 0.12143545352280352
0 0.5245106026373254 0.5848462128168621 0.5103056282312607 0.580828644297975 0.5095979797303803 0.5887363354824158 0.5238029541364451 0.5927539040013028
0 0.7364708835919591 0.9687353077033654 0.7254625489155611 0.9465555519109188 0.720827880475715 0.9538256200518536 0.7318362151521132 0.9760053758443001
0 0.6510016122559126 0.9351704265147193 0.6246414330496908 0.8831009367246501 0.6158866874534475 0.8971085296786389 0.6422468666596693 0.949178019468708
0 0.6604491537302971 0.45355219978891687 0.654398313290801 0.4305013790670271 0.6188406031433697 0.4600011089671187 0.6248914435828659 0.4830519296890084
0 0.4675788594641841 0.6827107512859888 0.4532701438665279 0.6668121783997041 0.44686103167174435 0.6850425419759771 0.4611697472694005 0.700941114862262