1 0.7374983594169324 0.11597987418926842 0.6610365883700409 -0.029628681145226505 0.6426161519803842 0.0009425072370445875 0.7190779230272757 0.1465510625715395
1 0.7761582411456989 0.12005831403824724 0.6015377111739985 0.12005831403824724 0.6015377111739985 0.9325100972592932 0.7761582411456989 0.9325100972592932
0 0.1319435511534173 0.09947688877454759 0.11457797358717084 0.09947688877454759 0.11457797358717084 0.11105394048537857 0.1319435511534173 0.11105394048537857
0 0.12769863219277933 0.9394563282857918 0.11264846496869907 0.9260784018643871 0.10864473458537 0.9403138876717794 0.12369490180945025 0.9536918140931839
0 0.5360832838276954 0.8534889569418782 0.5284858436424628 0.8219736495068382 0.516522058523188 0.8310889143596187 0.5241194987084206 0.8626042217946588
0 0.935418199014895 0.9932095769171477 0.9336988737874267 0.9569410917017414 0.8751548495608082 0.9657124355568563 0.8768741747882766 1.0019809207722625
0 0.9572571173204143 0.9218211411737136 0.9476038486831933 0.9121678725364925 0.9442157575111437 0.9228759137716119 0.9538690261483648 0.9325291824088331
0 0.9291763544155676 0.2428791238062491 0.9205321792069802 0.2232088228871524 0.8996855293909136 0.2521625031872451 0.908329704599501 0.27183280410634175
0 1.0045986038739134 0.12153748731218636 0.9997016440697917 0.11174356770394302 0.9874544405242102 0.13109717330683748 0.9923514003283318 0.14089109291508084
0 0.7911346448170362 0.09440719946326714 0.7782239621493173 0.0025979004928441776 0.7628446434550264 0.009433153245863975 0.7757553261227453 0.10124245221628694
0 0.454470204991512 0.03404180931837231 0.42867415899994255 0.021534635504278008 0.42477803582802826 0.04693158655083023 0.4505740818195977 0.059438760364924535
0 0.34983331778274146 0.6521739130434778 0.33584438029882074 0.6521739130434778 0.33584438029882074 0.6620358459823339 0.34983331778274146 0.6620358459823339
0 0.4026536162134078 0.6796158133950776 0.39551443432506206 0.67326987393877 0.3938261142838992 0.6792727896406823 0.4009652961722449 0.6856187290969898
0 0.5103457273584568 0.6092799864628202 0.49842743615203144 0.5991097113000039 0.4956159739842841 0.6095225341435125 0.5075342651907095 0.6196928093063288
0 0.6102531372412683 0.6406145064988107 0.6005346563320536 0.6302481268623145 0.5978744881999692 0.6381301065129346 0.6075929691091839 0.6484964861494308
0 0.6085263972784963 0.6437835415427222 0.5980838966353268 0.6404081877994755 0.597250348912147 0.6485584322039005 0.6076928495553165 0.6519337859471472
0 0.5562743905707039 0.3274868367907712 0.5473969946951596 0.3018410264836435 0.5299838004999166 0.3208913585946787 0.5388611963754608 0.3465371689018064
0 0.5322683635476458 0.33804990733920076 0.5202089346821969 0.33804990733920076 0.5202089346821969 0.3800703172525873 0.5322683635476458 0.3800703172525873
0 1.0063015934739294 0.9637064344349109 0.9783707796919043 0.9016379593637439 0.9663113508264554 0.9187891470834934 0.9942421646084805 0.9808576221546608