1 0.8465992142491654 0.6176587253546466 0.6582003268392618 -0.012346384758545584 0.5242815285205538 0.11422360696244852 0.7126804159304574 0.7442287170756408
1 0.8334967131850726 0.7840100105983359 0.7865341826905596 0.6741018111579202 0.6031792272209747 0.9217122759315127 0.6501417577154875 1.0316204753719282
0 0.09919196264600752 0.5266385451909521 0.09731706276202073 0.5149725014683678 0.09196540678248566 0.5176908029182904 0.09384030666647245 0.5293568466408747
0 0.1252273769237366 0.7455489369561916 0.11198055813922808 0.7298490035819591 0.10797311716240196 0.7405355128534955 0.12121993594691047 0.7562354462277278
0 0.16440753365920582 0.7927278964068258 0.15678597461624208 0.7859531772575247 0.15225162936283332 0.8020752937140893 0.15987318840579706 0.8088500128633903
0 0.9362851050750082 0.1609581212940425 0.9272443440976663 0.14271370274517242 0.9089697481079075 0.1713342340307207 0.9180105090852493 0.18957865257959078
0 0.4813775737354513 0.37818368922047835 0.4758302364573448 0.3683217562816224 0.46690625909691263 0.38418660492239076 0.4724535963750191 0.39404853786124666
0 0.5257209163052843 0.4237059036802738 0.5235869749884838 0.41185067414249327 0.5129277700841901 0.4179145773769359 0.5150617114009906 0.4297698069147164
0 0.6220010546814296 0.43562914546742354 0.6158256350670404 0.41696565507726957 0.6093327641632368 0.4237555854341885 0.6155081837776261 0.4424190758243425
0 0.7588322918014887 0.7817501918450369 0.7206439495570997 0.760148705322958 0.7139223451905938 0.7977043360691488 0.7521106874349829 0.8193058225912276
0 0.7763630894603084 0.35139089535796486 0.7686821609213919 0.3506322851318992 0.7672409664071336 0.39675050958817354 0.7749218949460501 0.3975091198142392
0 0.8043629066593865 0.40626212849775967 0.750923474664288 0.3640383797608907 0.7399829618791383 0.40780043090148843 0.7934223938742367 0.4500241796383574
0 0.7663711121096026 0.3661263457170178 0.7544226464530999 0.3584557257893864 0.749157656212594 0.38437567774264614 0.7611061218690968 0.39204629767027754
0 0.3995017463046083 0.6069076698004938 0.3861572558490251 0.5957576066642731 0.37334603138212885 0.6442161389267648 0.386690521837712 0.6553662020629853
0 0.4840882725228357 0.39989326696526706 0.48032317857839035 0.3907206924174825 0.46830260659527245 0.406314947963149 0.4720677005397178 0.41548752251093357
0 0.4830026333669969 0.3723672579433286 0.4767517768722757 0.37029979119572054 0.4719365786785567 0.4163116850468136 0.4781874351732779 0.4183791517944216
0 1.000807591274879 0.32638217517025364 0.9989730713562825 0.30406754692065774 0.961860268100969 0.31371053169810675 0.9636947880195657 0.33602515994770266