1 0.926274023439593 0.5559557604039347 0.8721513066914579 0.3635194341883465 0.4530813369116349 0.7360260739926408 0.5072040536597701 0.9284624002082289
1 0.4971245776605041 0.00043954877979738975 0.4652780251597606 -0.000020744661947778238 0.46399119722091786 0.2813656312983216 0.4958377497216614 0.2818259247400668
1 0.8632080568047453 0.04286082982300426 0.6628381882060621 -0.008026755852841023 0.6407848703933858 0.26641453248274344 0.841154738992069 0.31730211815858866
1 0.9714716094730265 0.14009896818797923 0.9540060965303742 -0.015719756862064886 0.7996267416664093 0.038969984125697486 0.8170922546090617 0.1947887091757416
0 0.194205105731648 0.07946357735901571 0.187033534425739 0.06216073865269567 0.18199022498243977 0.06876717909304093 0.18916179628834878 0.08607001779936099
0 0.23861563606536285 0.03747045752348405 0.2363149719678197 0.03045890979763821 0.22742223665108038 0.03968100568166418 0.22972290074862356 0.046692553407510023
0 0.27941216569413213 0.06508365667147728 0.27864959734840244 0.05469013255190226 0.26771989936551605 0.057224555272571566 0.26848246771124573 0.06761807939214659
0 0.23506727500876298 0.100359670495417 0.23240001309499303 0.08139247466416456 0.22632773597215516 0.084091264496537 0.22899499788592514 0.10305846032778944
0 0.08596192065321326 0.5521827152052072 0.08201624120619289 0.5319184849587817 0.07588616428753404 0.5356908399856487 0.07983184373455442 0.5559550702320742
0 0.4639155148498883 0.7404167947980981 0.45547391464407405 0.7404167947980981 0.45547391464407405 0.7498499480439604 0.4639155148498883 0.7498499480439604
0 0.7812862046258985 0.7662282625956733 0.7519290920265683 0.7022529061068103 0.7433088819013416 0.7147547313176656 0.7726659945006717 0.7787300878065285
0 1 0.7764342890095722 0.9851240598565558 0.7764342890095722 0.9851240598565558 0.7953005955012968 1 0.7953005955012968
0 0.9224179465758879 0.3113593221174912 0.9033030550283421 0.3051292833908837 0.8982699854665402 0.3539348064144172 0.9173848770140861 0.3601648451410247
0 0.9255590189099926 0.3734375127981353 0.9248365203841599 0.3541708854425981 0.9111496022249224 0.3557930387059152 0.9118721007507551 0.3750596660614524
0 0.9531127697574089 0.1544398488465755 0.9313241647426656 0.14959793662107673 0.929242521790814 0.17920352526962915 0.9510311268055573 0.18404543749512794
0 0.9767616757155825 0.1508281742497538 0.9477119498592229 0.14184661649706296 0.9434988943436606 0.18491340621170022 0.9725486202000202 0.19389496396439107
0 0.5896777635573802 0.19001893583833368 0.5802322973811447 0.17802469307486035 0.5767611374509547 0.18666402445666674 0.5862066036271903 0.1986582672201401
0 0.6023336452559042 0.17858674213189238 0.5725468559582451 0.12563245004716586 0.5618139642679956 0.14471314638538743 0.5916007535656547 0.19766743847011392
0 0.642576556381336 0.1502121398144445 0.6270607280426493 0.1397040655956515 0.622915150119794 0.1590500959023096 0.6384309784584807 0.1695581701211026
0 0.9390452167809141 0.8675861781261425 0.9307712285591753 0.859045287058541 0.9217472095553922 0.8866743822799998 0.9300211977771311 0.8952152733476014
0 0.4067999090169551 0.39955822559630105 0.39948283134993173 0.3924628775555512 0.3933440443758765 0.41247077584136094 0.4006611220428999 0.4195661238821108