1 0.6439212677435796 0.021684386365721578 0.568763089805387 -0.019321454777568192 0.4872625809101834 0.452791355801389 0.562420758848376 0.4937971969446788
1 0.7468407103190313 0.5832397948544844 0.6547925049993504 0.45489371336298984 0.4434127907386111 0.9340210656873311 0.5354609960582922 1.0623671471788256
0 0.15304755166795286 0.05895720778663924 0.1427970371323213 0.04073407083440529 0.1224166023497126 0.07696595489237622 0.13266711688534416 0.09518909184461016
0 0.17072481908795248 0.07922199573858948 0.15539821264834117 0.07179091382847491 0.1506950353908161 0.1024486618775273 0.16602164183042742 0.10987974378764186
0 0.17832311753539754 0.12601158641440252 0.14906794014235475 0.08618471829174172 0.13523766441669854 0.11829265252542204 0.16449284180974133 0.15811952064808285
0 0.19799053238340325 0.13543584650916257 0.18613771898861836 0.13295682671417483 0.18485522136593102 0.15233679079033896 0.1967080347607159 0.15481581058532667
0 0.2051442843666922 0.04909527484778301 0.1924818840579708 0.026584340965611835 0.16836302632707306 0.069462310264986 0.18102542663579446 0.09197324414715718
0 0.1917246807499801 0.09105524845429373 0.17098675726005436 0.07031732496436809 0.16696742476697657 0.08302040049804613 0.18770534825690227 0.10375832398797177
0 0.20464411461210882 0.10261190095610845 0.18894708753150807 0.06912490985082687 0.18161653634575653 0.0799849856815699 0.19731356342635725 0.11347197678685148
0 0.2058886746733429 0.08265282858642835 0.20567572280752375 0.0705382335531613 0.19192632675940846 0.07130208888916773 0.19213927862522762 0.08341668392243476
0 0.25724825926409156 0.03467782763096223 0.22960502059820412 -0.0012808568124686264 0.21962480360610848 0.022967374101660127 0.24726804227199595 0.05892605854509098
0 0.23734295943744088 0.0771803447388731 0.2341629808104594 0.03195398204402569 0.20964337898187896 0.03740278245037698 0.21282335760886045 0.0826291451452244
0 0.22322071721284809 0.13359077751095694 0.21500809114996494 0.06508203360177804 0.1994786468815149 0.07096568461787568 0.20769127294439804 0.1394744285270546
0 0.26167299310031983 0.09774011836793998 0.23541345081896908 0.0947603121516165 0.2343316906895418 0.12488933501566533 0.26059123297089254 0.12786914123198884
0 0.2578697453297598 0.09454781668649478 0.22962492496355358 0.045450647457336325 0.21927250962405265 0.06427322080188352 0.24751732999025883 0.11337039003104198
0 0.2438440498601267 0.04649910628026413 0.23744615514503517 0.04417259911113993 0.23375048128766715 0.0762930237480175 0.24014837600275868 0.0786195309171417
0 0.24650812537518207 5.267081620264473e-17 0.23179562215933439 5.106924998302402e-17 0.23179562215933439 0.02787068004459312 0.24650812537518207 0.02787068004459312
0 0.18476384958408357 0.024440442500643214 0.17822667438470102 0.02232741617357003 0.17485003430237528 0.055343452534087956 0.18138720950175782 0.057456478861161134
0 0.12663740245261976 0.30957893834148 0.09118268158819995 0.30957893834148 0.09118268158819995 0.3318754823771544 0.12663740245261976 0.3318754823771544
0 0.14595185452353687 0.34637680604126053 0.13959812590881993 0.33603583928178377 0.12216127979900859 0.36989610796681904 0.12851500841372554 0.3802370747262958
0 0.1525240140355758 0.3520465570012765 0.14873120201153572 0.3252737662433465 0.09364504261383422 0.3499378573646219 0.09743785463787433 0.37671064812255195
0 0.12114012318112453 0.3725124710169196 0.11690794625853301 0.35896950486462675 0.10066867384104078 0.37500829243745865 0.1049008507636323 0.3885512585897515
0 0.14975284019728316 0.3081777456259761 0.14227514182908596 0.29517947488224566 0.1227330824382164 0.33071049195655394 0.1302107808064136 0.3437087627002844
0 0.1403213073240615 0.30938977082986524 0.1353840352709131 0.29476081659831405 0.12013240464696283 0.31102922259719384 0.12506967670011124 0.32565817682874504
0 0.16344803562194443 0.3363898352210024 0.15522116836056482 0.25026164463273154 0.14147392019148375 0.25441175728754845 0.14970078745286336 0.3405399478758193
0 0.18665453125215864 0.29244866670431546 0.15037035698772505 0.21181716833890735 0.13563432317896915 0.2327750830891379 0.1719184974434027 0.3134065814545461
0 0.15028832420117816 0.2308665185242383 0.14022119182752132 0.22799414056303036 0.1359517597930528 0.2752863107909895 0.14601889216670966 0.27815868875219746
0 0.1716102138877743 0.233403625086283 0.16537252373100964 0.21543142969207976 0.15050210130569114 0.23174319329810292 0.1567397914624558 0.24971538869230614
0 0.2033390791582737 0.2730996813837049 0.16708658069198573 0.17642635214027022 0.14259666361138176 0.20545143905061566 0.17884916207766974 0.3021247682940503
0 0.2085535543726731 0.23799795194640636 0.18693170779509186 0.22838824235637134 0.18051892915134793 0.27399022382300003 0.20214077572892916 0.283599933413035
0 0.18693454677986443 0.4639396278192262 0.17747144201132978 0.3966464383540911 0.1548848411245125 0.40668492763712105 0.16434794589304716 0.4739781171022562
0 0.18404028385215665 0.3807563673784407 0.1780105694194322 0.3807563673784407 0.17801056941943222 0.4086270474230338 0.18404028385215668 0.4086270474230338
0 0.17824078607858693 0.47645730996173025 0.1471583100579507 0.4728338519192517 0.14661023047579713 0.4876928983687481 0.17769270649643337 0.4913163564112267
0 0.23799193076401465 0.40913981489094403 0.22091727137864609 0.3956487259938626 0.20772898051218386 0.4484018894597107 0.22480363989755242 0.46189297835679216
0 0.24980721925375637 0.42284146540709333 0.2269772191964914 0.3730305561912426 0.21257331010429048 0.3938954780038136 0.23540331016155544 0.44370638721966427
0 0.09384624947197909 0.5805463014823048 0.08616347815096309 0.5628196234461071 0.05988441675766484 0.5988157148263629 0.06756718807868084 0.6165423928625604
0 0.10197169750358932 0.6330944926183031 0.07774005817303158 0.6239044190351584 0.07479313649115539 0.6484620997174599 0.09902477582171314 0.6576521733006049
0 0.11843699082411455 0.6440270988765967 0.09455932167052568 0.6440270988765967 0.09455932167052568 0.6628934053683213 0.11843699082411455 0.6628934053683213
0 0.04345572430695918 0.6723918115736995 0.03431242078495747 0.666384616989196 0.027349742803498944 0.6998782836189572 0.036493046325500655 0.7058854782034607
0 0.15684163351869806 0.7486295750715933 0.14966163510188452 0.6848073669221406 0.12433683448444181 0.6938117404750093 0.13151683290125535 0.757633948624462
0 0.16220323266164263 0.6485134080166532 0.1503877023575174 0.6353850410120696 0.13677003268361154 0.6741197458622905 0.14858556298773679 0.687248112866874
0 0.1595316889208197 0.6244604529984192 0.1542643008580247 0.6048401292089606 0.13335222638218486 0.6225837075520974 0.1386196144449799 0.642204031341556
0 0.17193617084993376 0.6304400889405963 0.16620353982596212 0.6107149069226295 0.14248974776096798 0.6324964640786243 0.14822237878493963 0.6522216460965911
0 0.19000553808604576 0.5839522892529119 0.16985286267265537 0.5667022625616147 0.15836900966597386 0.6091041813555156 0.17852168507936425 0.6263542080468127
0 0.19477542479025767 0.6077202192766422 0.18667342640620957 0.5898130997251126 0.16715189286856305 0.6177279496146943 0.17525389125261115 0.6356350691662239
0 0.237488582729401 0.5689534325272866 0.22217083270634397 0.4736429879393762 0.20452311001192475 0.4826069105778114 0.21984086003498177 0.5779173551657217
0 0.18705514106851884 0.723908776617839 0.16944837492496356 0.6926078590292959 0.1617303404510762 0.7063288092050954 0.17933710659463148 0.7376297267936386
0 0.20225929792272712 0.7878794085071742 0.2004874895278805 0.7721300005529812 0.18341875944139893 0.7781988823615077 0.18519056783624555 0.7939482903157007
0 0.19538979916929997 0.7379735595663225 0.17901628027953195 0.7296568515588211 0.17577616203341884 0.7498175873124134 0.19214968092318685 0.7581342953199148
0 0.21765022186405744 0.8024250986162726 0.2048377035630641 0.7699387134159399 0.16892243855784472 0.8147066554914114 0.18173495685883806 0.8471930406917442
0 0.27329961328707125 0.9507390285317031 0.25786680364439557 0.9123284800877093 0.23370557494721345 0.9430094054174637 0.24913838458988913 0.9814199538614573
0 0.27955096046651223 0.9702427102427423 0.2455433710659462 0.9702427102427423 0.2455433710659462 1 0.27955096046651223 1
0 0.29857031845666643 0.933150650161113 0.2744087768237632 0.8948404580224554 0.2650474611846222 0.9135000501381842 0.28920900281752543 0.9518102422768417
0 0.3147749027568737 0.8816850236455749 0.31144319573240414 0.8564741579561415 0.2664585440753007 0.8752629281261766 0.26979025109977023 0.90047379381561
0 0.2855086503996098 0.7303239363969948 0.2387900909012948 0.7146900132184736 0.23537469815623344 0.746946500255164 0.2820932576545485 0.7625804234336852
0 0.28559422481931024 0.7279436417064038 0.2705267136975359 0.7112019626822099 0.26568939223128274 0.7249614548528854 0.2807569033530571 0.7417031338770792
0 0.5009895376980618 0.7698029892748245 0.46931898244314507 0.7456730424139347 0.4636053082151702 0.7693742095818297 0.4952758634700869 0.7935041564427195
0 0.49630715255927016 0.7590687114433253 0.48870971237403704 0.7455621511140225 0.4812328664774589 0.7588543215968286 0.488830306662692 0.7723608819261315
0 0.51260326672335 0.954840670037222 0.49814070867562177 0.9072475712134922 0.4810994702997041 0.9236141245451527 0.49556202834743235 0.9712072233688824
0 0.6817393352761647 0.8069031692713072 0.6719714410030009 0.7553678991275903 0.6638019936374712 0.7602616743610477 0.673569887910635 0.8117969445047648
0 0.6877947384389149 0.7934398056371673 0.6871990703425181 0.7659067025148277 0.6621247210837877 0.7676211879342281 0.6627203891801845 0.7951542910565677
0 0.8177983831189657 0.844443336989237 0.8096247101151797 0.8295397736774901 0.7887438534702306 0.8657332585287352 0.7969175264740167 0.880636821840482
0 0.822057321765765 0.8526353714139807 0.8124562983332486 0.8417305052930978 0.799580396574312 0.8775591014918778 0.8091814200068284 0.8884639676127607
0 0.8394616779980062 0.8324722312992737 0.820164005340609 0.8191306304497156 0.806938077296969 0.8795920157920716 0.8262357499543662 0.8929336166416297
0 0.8400051047989899 0.7683951077626058 0.7942773958852064 0.7370389645074398 0.7882361554749912 0.7648833647520537 0.8339638643887747 0.7962395080072197
0 0.8906397785778957 0.9412845924774909 0.8621938775247668 0.8670291883219252 0.8461361084984458 0.8864707784074329 0.8745820095515746 0.9607261825629985
0 0.9141836235386335 0.9321802904584513 0.8809305944590772 0.8913472467318945 0.87396118517212 0.9092850961736152 0.9072142142516763 0.950118139900172
0 0.9310596104478895 0.8877387047611544 0.9094720387758781 0.8839009142416865 0.9083019159750724 0.9047030973671257 0.9298894876470838 0.9085408878865936
0 0.9302286545653359 0.8955154573988319 0.9125586040794774 0.8900522533838804 0.9064939283667393 0.9520467162252026 0.9241639788525977 0.9575099202401542
0 0.929891875652801 0.8643341260732823 0.8987785491799387 0.8090215456770952 0.8843072345414026 0.8347483272567209 0.9154205610142648 0.890060907652908
0 0.9564634565117855 0.8614012569290697 0.9389149005206584 0.7894071810680345 0.9155428474585096 0.807412318241838 0.9330914034496367 0.879406394102873
0 0.8554082061570616 0.6999010495748371 0.8485273211229774 0.6845317792992754 0.8282145322952489 0.7132736845793266 0.8350954173293331 0.7286429548548883
0 0.8615896715311597 0.7871828840285102 0.8576444375629608 0.7675443860534757 0.8450087753544389 0.7755670287255533 0.8489540093226378 0.7952055267005878
0 0.9211358248103576 0.7485987308510949 0.8502148587126362 0.7337655876149699 0.8478457777382497 0.7695650334501436 0.918766743835971 0.7843981766862685
0 0.9552166762702424 0.7957293751942907 0.9233797840654572 0.7391304557191168 0.9113203552000083 0.7605694403688038 0.9431572474047936 0.8171683598439776
0 1.0114355828215205 0.7836033988954682 0.9615113232334827 0.7318300926560215 0.9500757404119622 0.7666813926835121 1 0.8184546989229587
0 0.997251020693255 0.9012836200770826 0.9676048797525655 0.7925110178549778 0.9477496913285808 0.8096142271274136 0.9773958322692704 0.9183868293495183
0 0.9960899860618926 0.8028935056519624 0.9777974203693338 0.7927309691560959 0.9590387856466008 0.8994467578009713 0.9773313513391596 0.9096092942968378
0 1.0044789095825541 0.9171954526493573 0.9949167429777379 0.897767558595128 0.9874548379664796 0.909374966390419 0.9970170045712958 0.9288028604446483
0 0.7714427456572551 0.7283942409964593 0.7383587320283357 0.6548742107099716 0.7265051958508335 0.6717325732735304 0.759589209479753 0.7452526035600181
0 0.7850517044578876 0.5516596269470797 0.7623427164055254 0.5319033441970339 0.7500040443735061 0.5767278918689104 0.7727130324258683 0.5964841746189562
0 0.7520444088536551 0.48570094174811757 0.7477030144620932 0.46640585556339914 0.7148514668631119 0.4897669560782314 0.7191928612546737 0.5090620422629498
0 0.7494401401302845 0.4116305468483896 0.7339573161392037 0.39156712834321405 0.6997199125545046 0.47506992349561133 0.7152027365455854 0.49513334200078696
0 0.857915880190948 0.5062943819171654 0.8142382231128771 0.4967585191632783 0.81246082857591 0.5224884210317541 0.8561384856539809 0.532024283785641
0 0.8834871933785524 0.4911242655891571 0.872923133692419 0.4848640820714479 0.8631308774536739 0.5370894486780848 0.8736949371398073 0.543349632195794
0 0.912646726038258 0.6387995665484328 0.8825610292416859 0.606243063734751 0.8786348118769954 0.6177101112760693 0.9087205086735676 0.6502666140897512
0 0.8966078519841607 0.5896578652097535 0.8785187086859874 0.5896578652097535 0.8785187086859874 0.6115256295524342 0.8966078519841607 0.6115256295524342
0 0.9009492463757224 0.6098105107804592 0.8891310060875824 0.6098105107804592 0.8891310060875824 0.6252465797282338 0.9009492463757224 0.6252465797282338
0 0.8802271936737777 0.5420119801371593 0.8760423741619118 0.5229994667992992 0.8656570312576534 0.5302240531674789 0.8698418507695193 0.549236566505339
0 0.8937781208879139 0.5858263888052178 0.8918981255343886 0.5529612848472949 0.8821834446492557 0.5547176113350026 0.8840634400027809 0.5875827152929255
0 0.9087778746362783 0.5168196625766491 0.8933606301628301 0.5109464265867641 0.8853131673882281 0.5777105621982772 0.9007304118616763 0.5835837981881622
0 0.9478645830860654 0.5113596995288757 0.942541800690281 0.4877028888809451 0.9022882588221618 0.516327629764941 0.9076110412179461 0.5399844404128715
0 0.8482708235787669 0.4721520148226737 0.8425106728500951 0.4311909429743304 0.8339413845739404 0.4349995155415094 0.8397015353026123 0.47596058738985264
0 0.8644831247401781 0.4432383329887497 0.8346323897810706 0.3891298112328074 0.8205704364903338 0.41364808876537373 0.8504211714494413 0.46775661052131606
0 0.7902253860596845 0.3605555900227802 0.7633598603485496 0.35722343179504246 0.7623539559967911 0.3828553649065181 0.789219481707926 0.3861875231342558
0 0.8319821645629941 0.39047916872399785 0.8278779261482878 0.36322487964333355 0.7693610284081888 0.39107544164737024 0.7734652668228951 0.41832973072803453
0 0.9632039224420701 0.41073487385972957 0.9614374441660213 0.3972069718482792 0.9393774100790088 0.4063111129000621 0.9411438883550576 0.4198390149115125
0 0.8879108756376659 0.38056972995150534 0.8791997117278022 0.31862367548135073 0.866601155454251 0.3242230338251501 0.8753123193641147 0.3861690882953048
0 0.9709904092262497 0.41059944186199565 0.9564708568722491 0.3589743668255493 0.9436396245594116 0.3703799066591828 0.9581591769134121 0.42200498169562917
0 0.9993541859177856 0.34293800630758375 0.9870535684750277 0.34293800630758375 0.9870535684750277 0.3699511269661893 0.9993541859177856 0.3699511269661893
0 1 0.2859103071394164 0.9841593055473199 0.2859103071394164 0.9841593055473199 0.3077780714820971 1 0.3077780714820971
0 0.8382378273298207 0.34864284347972563 0.831146171219516 0.26769013747203696 0.8153691949930366 0.27205826203747385 0.8224608511033413 0.3530109680451625
0 0.7698873734660234 0.23411371204744894 0.7581173708933453 0.19226481401125983 0.7449967122877369 0.20392762166068953 0.7567667148604151 0.24577651969687864
0 0.9687884066161161 0.16214141413500174 0.9497087683400612 0.15344414312597385 0.9455233058602946 0.18246334965235514 0.9646029441363495 0.19116062066138303
0 0.8756244457582796 0.2118171683389075 0.8541586623777805 0.2118171683389075 0.8541586623777805 0.23068347483063206 0.8756244457582796 0.23068347483063206
0 0.8592310436882631 0.211065154723503 0.8576837261999887 0.18905886155693213 0.8401697248938597 0.1929508618471828 0.8417170423821341 0.21495715501375365
0 0.8776599191943233 0.14434130301228293 0.8689755488467586 0.14070862521983757 0.8639240320210216 0.17887564123651634 0.8726084023685863 0.1825083190289617
0 0.7997298827590986 0.12946768747444592 0.7991216862599919 0.10351797017922687 0.766396952567851 0.10594202452679286 0.7670051490669577 0.1318917418220119
0 0.8478877593677471 1.4802973661668753e-16 0.838832835290218 -0.0035414814169889316 0.8360734760078117 0.018756371370133085 0.8451284000853407 0.022297852787122166
0 0.8879250632010375 1.901639710898349e-16 0.8495760794089099 1.8598939684524976e-16 0.8495760794089099 0.02315410342166212 0.8879250632010375 0.023154103421662124
0 0.8460106975216454 0.08530361909129441 0.841172834141705 0.022753466300145114 0.8283991971137293 0.025875910906983587 0.8332370604936697 0.08842606369813288
0 0.8595358900301102 0.07849675491296113 0.854104018559345 0.06611642107645949 0.8307409370219545 0.09851322747497439 0.8361728084927197 0.11089356131147603
0 0.8673899643570824 0.08374348362873382 0.8598526188035418 0.06664120248970631 0.8218932375542402 0.1195147507132468 0.8294305831077806 0.1366170318522743
0 0.8706317013828181 0.029802620962782203 0.8431657169206267 0.025617328092353026 0.8415192237478141 0.05976681612106027 0.8689852082100055 0.06395210899148945
0 0.82098139862575 0.008453395555633058 0.8147307208680978 -0.016070336336458563 0.7791843024222301 0.01256427852271269 0.7854349801798823 0.037088010414804314
0 0.8255631733242729 0.038035667339766474 0.8095936395757457 0.03001232671248719 0.806407417083558 0.05005557247530875 0.8223769508320852 0.05807891310258803
0 0.8284900230804543 0.038452041998539147 0.8171816781067593 0.009732435716139638 0.8042967044464946 0.025767069604469346 0.8156050494201895 0.054486675886868854
0 0.8304757310633419 0.05600690461755489 0.8272891967229166 0.0414398904898963 0.8053261639698959 0.05662420943025638 0.8085126983103212 0.07119122355791498
0 0.8307985366340579 0.06594420802984884 0.8104220557625528 0.06265103940415097 0.8093426380313176 0.08375965281497391 0.8297191189028227 0.08705282144067178
0 0.6885585616438639 1.488068002381554e-16 0.6777050756649599 1.4762531696138604e-16 0.6777050756649599 0.0244404425006433 0.6885585616438639 0.0244404425006433
0 0.720235620548999 0.016505957635489614 0.7056555992307476 0.00818127393066486 0.690868089337803 0.0900353690956514 0.7054481106560543 0.09836005280047615
0 0.7357387579589971 0.11065814384569242 0.7113044997808493 0.08169902304196094 0.701174579533872 0.1087121437005666 0.7256088377120199 0.13767126450429806
0 0.7560913632903778 0.005145356315925039 0.743308368693002 0.005145356315925037 0.743308368693002 0.0643169539490611 0.7560913632903778 0.0643169539490611
0 0.6908869590632697 0.10707948256185941 0.670782963496192 0.0792813652345427 0.6616660352739128 0.10012005831403847 0.6817700308409905 0.1279181756413552
0 0.667496218550149 0.06864702437678735 0.634797132183947 0.0458737775146444 0.6292826630442205 0.07089850296743766 0.6619817494104225 0.09367174982958061
0 0.28919185008087656 0.0062039985924198975 0.2834432450934295 -0.005293211382474381 0.2647902195352026 0.024183174684846778 0.27053882452264966 0.035680384659741056
0 0.2778626404253493 0.03859017236943661 0.24699050252980007 0.038590172369436605 0.24699050252980007 0.05831403824714862 0.2778626404253493 0.05831403824714862
0 0.3060820326970143 0.028046825891374097 0.3028093088669501 0.008592300901548377 0.2713826093415889 0.025300992653349938 0.274655333171653 0.04475551764317566
0 0.2865454292084725 0.0969042106165851 0.2732800574564786 0.07332132750192957 0.2645972686733554 0.08875739644970425 0.2778626404253493 0.1123402795643598
0 0.30342862962010103 0.10848126232741612 0.2995705115018053 0.07712639761999694 0.28171761162837716 0.08406919201521901 0.2855757297466729 0.11542405672263818
0 0.3198294528771115 0.09861932938856016 0.3088984641420028 0.06558345232245379 0.2920971066409265 0.08315349938240289 0.3030280953760352 0.11618937644850928
0 0.35697249378269413 0.10290712631849747 0.34792792213360746 0.08682788783123246 0.3426217734328099 0.09626104107709486 0.35166634508189665 0.11234027956435987
0 0.392717133720179 0.10641912888903422 0.3800581554968338 0.07125530049085299 0.37037365388241256 0.08227411121659446 0.3830326321057578 0.11743793961477571
0 0.4068020538547292 0.1251179144155732 0.394549674127433 0.11422691021353233 0.39126950947603095 0.12588971786296208 0.4035218892033271 0.13678072206500294
0 0.4090692264814336 0.11662807649429777 0.3832620487093735 0.07074864934396613 0.3759057971014496 0.08382642998027458 0.40171297487350965 0.1297058571306062
0 0.4093277039714604 0.11662336351442201 0.4088051678310285 0.026050432506216865 0.3901527395794328 0.02639053376208638 0.3906752757198647 0.11696346477029154
0 0.42284839046910766 0.018904444840385597 0.40523952998681473 0.016014785684317086 0.40250726699063916 0.06863614709214422 0.4201161274729321 0.07152580624821274
0 0.2877696461311541 0.24631688762063975 0.28531678567462143 0.22589072802939722 0.2392335173209298 0.24338050777911288 0.24168637777746244 0.2638066673703554
0 0.2833520895007053 0.22685876782031933 0.26749152865686726 0.18926336433862778 0.24005391610219765 0.22584684774485256 0.25591447694603564 0.26344225122654413
0 0.33755580575029165 0.22347648389107644 0.33329834530770286 0.20137553368243777 0.3071572951382319 0.21729093713417041 0.3114147555808207 0.23939188734280906
0 0.36165978494580975 0.20885545889605345 0.3569066051783547 0.1982928371905979 0.34208233164619317 0.21937624843633896 0.3468355114136482 0.2299388701417945
0 0.3212114590253218 0.50509615915685 0.27463251545671447 0.46139245901840364 0.26535119473038393 0.4926558551492012 0.3119301382989912 0.5363595552876476
0 0.3057922747335325 0.45742217125159423 0.29083858294037584 0.45742217125159423 0.29083858294037584 0.4878655294541498 0.3057922747335325 0.4878655294541498
0 0.3666722132495276 0.41811959059846754 0.3396590925909221 0.41511813274751164 0.3390415747548548 0.43268308452898296 0.3660546954134603 0.4356845423799388
0 0.3326111638829778 0.4904040570170951 0.2926037418203274 0.4281702893640833 0.286433156183157 0.44070735224595325 0.3264405782458074 0.5029411198989651
0 0.36357128666168415 0.503688921824796 0.3208950881352288 0.48406768112297743 0.3166502632576246 0.5132469217631013 0.35932646178407995 0.5328681624649199
0 0.3230014017864266 0.4965278971272654 0.30965129197047614 0.4750021386643375 0.3032733928408353 0.4875035477845453 0.3166235026567858 0.5090293062474731
0 0.3784626826312297 0.5850724548502636 0.3713956489745377 0.5626550234686872 0.3284997219150937 0.6053938225901845 0.33556675557178567 0.6278112539717609
0 0.395514440213455 0.5344310198156512 0.3829726341933881 0.5344310198156512 0.3829726341933881 0.5687333952551503 0.395514440213455 0.5687333952551503
0 0.41440664827821105 0.5513005659754103 0.3759569401669943 0.4435408611512949 0.36085681689892 0.46056919253154455 0.39930652501013675 0.56832889735566
0 0.4599231765523074 0.6742250879658861 0.42839194952652093 0.6413035951982218 0.40204799387914536 0.7210474609416289 0.43357922090493184 0.7539689537092931
0 0.4789705440559986 0.6165152163471257 0.4727846194048098 0.5747258587035389 0.4243232109101731 0.5973978626776376 0.4305091355613619 0.6391872203212245
0 0.5099264897569651 0.6831565225629862 0.5085910001673241 0.6653499947011063 0.49118118714148384 0.6694767651961204 0.49251667673112487 0.6872832930580003
0 0.5177664414731474 0.7416424563010744 0.5070306084587846 0.7263737160139799 0.5029127546998506 0.7355245021449437 0.5136485877142135 0.7507932424320383
0 0.5985228480692434 0.6377240373895892 0.5875970055171467 0.6312494640253836 0.5757787652290066 0.6942800788954633 0.5867046077811033 0.7007546522596688
0 0.5953094741007884 0.6792365082820443 0.5871461684072535 0.6763339995910097 0.5843817762519429 0.7009063743048818 0.5925450819454777 0.7038088829959164
0 0.5655825807154609 0.7159077859567377 0.5547040578600195 0.7055933346567637 0.5440216572041201 0.741201336843095 0.5549001800595614 0.751515788143069
0 0.5627979959982374 0.6897092873681503 0.5368316337651529 0.6831146556899059 0.5346995267417413 0.7096475430923587 0.5606658889748258 0.7162421747706031
0 0.5109987726689137 0.6918012687243454 0.5062401872247095 0.6799576782854371 0.49823207459703167 0.6901267101935993 0.5029906600412358 0.7019703006325076
0 0.48559977492951667 0.617518424915631 0.46579393646343814 0.6087158300418183 0.45738071138436615 0.6685432083818861 0.4771865498504447 0.6773458032556987
0 0.531303591573231 0.6489151873767255 0.5284334475032543 0.6131978389503469 0.5216801673386028 0.6149129577223218 0.5245503114085794 0.6506303061487004
0 0.5172301612756033 0.6149596592048071 0.5088165205099611 0.6144254597911156 0.5079500851112206 0.6575546885284225 0.5163637258768629 0.6580888879421138
0 0.4919416157564056 0.49438298602178193 0.48036456404557465 0.49438298602178193 0.48036456404557465 0.5445502101020494 0.4919416157564056 0.5445502101020494
0 0.5025539131580007 0.6054369265071604 0.45817521493314867 0.5265414629963124 0.43924191161439385 0.560200668896321 0.4836206098392458 0.639096132407169
0 0.498694895921057 0.5891432981733984 0.4832588269732824 0.5891432981733984 0.4832588269732824 0.6062944858931479 0.498694895921057 0.6062944858931479
0 0.5397741344083222 0.5609467455621301 0.5150378339195134 0.5279650115770517 0.4827957449048491 0.6043907040562558 0.5075320453936579 0.6373724380413343
0 0.4952953744441753 0.5579801878046751 0.4943196464048973 0.5394774931339209 0.46852064055946374 0.5437773274414932 0.4694963685987418 0.5622800221122473
0 0.4896722483836928 0.5579151029490493 0.4768822025810559 0.5490914560934989 0.4695040268614096 0.58289232947581 0.48229407266404645 0.5917159763313606
0 0.5647210949476682 0.41563436487154853 0.5578720001427162 0.38316458209251514 0.5468500125550071 0.39051257381765414 0.553699107359959 0.4229823565966875
0 0.5703886163685256 0.4700623061250437 0.5692159408719544 0.4346214466731129 0.5293591126292709 0.4387894809991451 0.5305317881258421 0.4742303404510758
0 0.599791245676586 0.41657462084672875 0.5629404685764483 0.4115351983373081 0.5613911866563224 0.44734082493577343 0.5982419637564601 0.4523802474451941
0 0.6261848542692572 0.4848159855497563 0.6234388340768711 0.46203418839810845 0.6125841715683216 0.4661692979251749 0.6153301917607078 0.4889510950768228
0 0.6319765682969269 0.44202302727985704 0.6198368095178483 0.43982080346505825 0.6180388311911241 0.4711455814239863 0.6301785899702028 0.4733478052387851
0 0.6935060436629146 0.40293659161941603 0.6916601152445006 0.37012008640316263 0.684090137125001 0.3714658602910735 0.685936065543415 0.40428236550732694
0 0.6060238422655174 0.35828831408263245 0.5879346989673441 0.35828831408263245 0.5879346989673441 0.42603550557564324 0.6060238422655174 0.42603550557564324
0 0.6403135767942563 0.35910542255418654 0.6301313231767313 0.32652221097810546 0.6201174464905347 0.3364124595570647 0.6302997001080597 0.3689956711331458
0 0.6530948615027563 0.3313221308460409 0.6497781617769216 0.317002411394818 0.6367254355753362 0.3265573482221223 0.6400421353011709 0.3408770676733452
0 0.6459421351049716 0.44695330611270934 0.6344764417963555 0.43309255686851567 0.6272405205946165 0.4520099979188138 0.6387062139032326 0.46587074716300747
0 0.6452911128428122 0.515803891084054 0.6389117856099518 0.47800047044488103 0.6304812491003444 0.4824967565833382 0.6368605763332048 0.5203001772225113
0 0.6663523741473433 0.6200642034350528 0.6439284443638361 0.6019438561352489 0.6384934414915996 0.6232007562577743 0.6609173712751067 0.6413211035575781
0 0.42621404221634773 0.37027877995343805 0.4104683620583322 0.2999197046527561 0.3984649569320925 0.3084095682545887 0.41421063709010797 0.3787686435552707
0 0.40512544234298864 0.3138652155937129 0.39929552909856736 0.28899091908418245 0.3913662762256166 0.2948644397308127 0.3971961894700379 0.31973873624034316
0 0.44474740199680124 0.3269161132201912 0.44022374923447727 0.3014496235952557 0.43182042328652304 0.3061672802677913 0.436344076048847 0.3316337698927268
0 0.5461608197122501 0.3402795669768951 0.5273481106821496 0.30683475092338364 0.5190271047649897 0.32162765033166785 0.5378398137950902 0.3550724663851793
0 0.48631384738851685 0.32213639837088737 0.4636162169781915 0.28783775686195123 0.4548326120698651 0.3062086952323071 0.47753024248019044 0.3405073367412432
0 0.5241618528127664 0.3269031179483247 0.5197386771729864 0.30259799120044306 0.485312360226693 0.3223987486597492 0.48973553586647295 0.3467038754076308
0 0.5241477237909344 0.3427038213949752 0.5222645975911758 0.3259649218415657 0.5047320433175616 0.3321987189166287 0.5066151695173202 0.34893761847003824
0 0.5121640234203717 0.3096069056775549 0.5089948568085136 0.2880648581198266 0.49214718816558484 0.29589830405294903 0.4953163547774429 0.3174403516106773
0 0.4571935240141851 0.2951812115691713 0.4531884899088166 0.27204101451593093 0.41373264610514665 0.29362369830597235 0.41773768021051516 0.31676389535921273
0 0.4940056007099395 0.30205912885665404 0.4755629196505221 0.22935754554996532 0.46074715998304694 0.24123597595874713 0.4791898410424643 0.3139375592654359
0 0.44699983756052314 0.258920103484493 0.4395277676753767 0.2538596540384679 0.4339608487503996 0.27983860902169444 0.441432918635546 0.28489905846771957
0 0.46170240651561595 0.22798889217490792 0.4508035366548683 0.2179884954568025 0.44028874523522565 0.2542061103466829 0.45118761509597327 0.2642065070647883
0 0.4708038606178328 0.26538032758768526 0.46813149118124925 0.23212417459909082 0.4545236316494766 0.23558013892462037 0.4571960010860602 0.26883629191321484
0 0.42558523609874993 0.2220119056926911 0.39182872005325153 0.14759754143239232 0.37898702508334015 0.166008573647319 0.41274354112883854 0.2404229379076178
0 0.43549287009395304 0.1654376467857302 0.4245175362475104 0.1471454237083257 0.40378835581933326 0.18645409177953548 0.4147636896657759 0.20474631485693998
0 0.49606605571958595 0.23208206953739272 0.46707995038994643 0.20037077481778695 0.4568775700553658 0.22984431800657543 0.4858636753850053 0.26155561272618116
0 0.508674689529703 0.2455978792912827 0.5041608659449748 0.2341782914188079 0.49321208394139315 0.2478560491169759 0.4977259075261214 0.2592756369894507
0 0.5275405038825465 0.2607773651909208 0.5258842493747831 0.2416384242123216 0.5009637533088986 0.2484542863841875 0.502620007816662 0.26759322736278673
0 0.5741205995844592 0.2446719361278256 0.5711476376426504 0.22099394590684174 0.5259561985637727 0.23892705665242808 0.5289291605055815 0.26260504687341196
0 0.45773407334404614 0.1872842928425325 0.4549631650245456 0.1667107513330382 0.4204894888798366 0.18138499219588772 0.4232603971993371 0.20195853370538203
0 0.4788373515479287 0.1672402606333316 0.4733309708206859 0.13297833610826584 0.42803302556533557 0.15598681623796798 0.43353940629257837 0.19024874076303375
0 0.4864916758315835 0.20062035522374988 0.44905192746863176 0.1396074319656073 0.440341834318266 0.15649973383298343 0.47778158268121773 0.217512657091126
0 0.5045142058889841 0.13482164243322117 0.4997860780889788 0.11520866785542132 0.4709099835918486 0.1372095017579966 0.4756381113918539 0.15682247633579646
0 0.5516024050756902 0.15993812379199518 0.5413685882107953 0.13654654238652134 0.5003090158690646 0.19332027204422383 0.5105428327339596 0.21671185344969768
0 0.5815723086618695 0.15516566267496978 0.5604796849670173 0.08766926685144687 0.5474555017923326 0.10053265764125967 0.5685481254871848 0.16802905346478259
0 0.49994201038111596 0.05127407856728188 0.45804634652789833 -0.0037274083374552428 0.4492212605476861 0.01751816902231498 0.4911169244009037 0.0725196559270521
0 0.5024336160764011 0.05599127014693699 0.49550693702332943 0.05092075999044009 0.4919654609606535 0.06621094235627896 0.4988921400137253 0.07128145251277587
0 0.5389251623929806 1.1507413864520186e-16 0.5181829447444085 1.1281619282737594e-16 0.5181829447444085 0.014578509561787257 0.5389251623929806 0.01457850956178726
0 0.500158852307335 0.014261817506380916 0.49789308077610045 -0.00084332603518268 0.4860638318806974 0.004764614181897307 0.488329603411932 0.019869757723460904
0 0.5239627560284865 0.02636790063174151 0.5203897817801473 0.007947233395859577 0.495786496407258 0.023029707187669057 0.49935947065559716 0.04145037442355099
0 0.5357897108879639 0.054026241317211295 0.5111884760024481 0.054026241317211295 0.5111884760024481 0.10119200754652265 0.5357897108879639 0.10119200754652265
0 0.5612189848995156 0.04085670626991442 0.5546254140622221 0.040100454417608525 0.5538581094691253 0.061243958760724686 0.5604516803064188 0.06200021061303058