1 0.7598828401314195 0.3928585192488339 0.6740435809605538 0.014396308410708455 0.5274543129533449 0.11947642873972761 0.6132935721242105 0.4979386395778531
1 0.896704961609119 0.6725441319716371 0.6315063244686706 0.622030105849647 0.61391208753339 0.9139641112943041 0.8791107246738383 0.9644781374162944
0 0.0757466126404253 0.09004373552868533 0.061998863733813525 0.09004373552868533 0.061998863733813525 0.09647543092359141 0.0757466126404253 0.09647543092359141
0 0.07729021953520276 0.08223994511619925 0.07507128462396015 0.07435039876511443 0.0643625117914415 0.08386930794957544 0.06658144670268412 0.09175885430066028
0 0.07266420260676698 0.07028784461166257 0.058613216609181694 0.06362663643502954 0.05587507574811379 0.08188090884214892 0.06992606174569908 0.08854211701878195
0 0.2375779834504736 0.12462009160268532 0.23297305393610152 0.11575133846389463 0.2223746268041281 0.1331436291420049 0.22697955631850017 0.1420123822807956
0 0.24495837828904393 0.09894118292089026 0.2397131198192392 0.08085652072196742 0.2104634809741311 0.10766868966331652 0.21570873944393582 0.12575335186223938
0 0.14677664865791948 0.33852156761855734 0.1330288997513075 0.3140811251179144 0.12398432810222093 0.3301603636051798 0.13773207700883291 0.35460080610582273
0 0.03427958270453013 0.4431813861872818 0.025529658956588944 0.43626786618890856 0.02246631537674708 0.448521240508276 0.031216239124688266 0.4554347605066493
0 0.1107492487152628 0.4214856664197602 0.10694544794116888 0.40593234769902065 0.0928522126940875 0.41682566962913187 0.09665601346818142 0.43237898834987143
0 0.009178565303147266 0.44292942286253295 3.0511805622569184e-17 0.44292942286253295 3.0866250605599994e-17 0.45322013549438267 0.009178565303147266 0.45322013549438267
0 0.012314016808163986 0.4476459994854641 3.116162142479234e-17 0.4476459994854641 3.225449345580401e-17 0.47937569676700087 0.012314016808163988 0.47937569676700087
0 0.16595519065280567 0.4409395896952191 0.15707685479064143 0.37966166374459515 0.14565121446655596 0.38489360678862083 0.15452955032872023 0.44617153273924476
0 0.21098568910577642 0.5951489191099666 0.20428186401218204 0.5799806683931471 0.17151673816601853 0.6257478283052487 0.17822056325961289 0.6409160790220683
0 0.14104436113359878 0.8852334878344352 0.13059763405918004 0.8707241446755204 0.11924758336228691 0.8965518155946728 0.12969431043670565 0.9110611587535876
0 0.045244706892210246 0.6954724687933043 0.034746090730875506 0.6899829962906456 0.03275282844387932 0.7020311594476001 0.04325144460521406 0.7075206319502588
0 0.026737093731240807 0.6814167090421591 0.004451269187891016 0.661607087225849 -0.0006136909355973497 0.6796158343315862 0.021672133607752442 0.6994254561478963
0 0.022020929396476083 0.6503598660480896 0.021022779745766607 0.6361639599046662 0.014848352166656763 0.6375360549222462 0.01584650181736624 0.6517319610656697
0 0.03484781094952648 0.6395261659495262 0.027082309330711943 0.6355298844146976 0.022128773706516905 0.6659515981471276 0.02989427532533144 0.669947879681956
0 0.009051658024885362 0.7176707515137952 0.006206604041809782 0.7083331384411369 -0.0017263958217864639 0.7159723234949703 0.0011186581612891155 0.7253099365676287
0 0.24436155586972202 0.891990416271383 0.23169915556099907 0.8694794823892141 0.2225339896232595 0.8857731107229773 0.23519638993198244 0.9082840446051461
0 0.2707717050850548 0.8437527008095892 0.2569033618897886 0.8190978684624491 0.2437585844264492 0.8424663617306081 0.25762692762171546 0.867121194077748
0 0.2713579788575905 0.8294974251702126 0.27077318932245364 0.8107841600458335 0.2399693263472503 0.8138265168828906 0.24055411588238715 0.8325397820072697
0 0.2500294874364828 0.8403224632656392 0.2333874756021632 0.8403224632656392 0.2333874756021632 0.8793414153280694 0.2500294874364828 0.8793414153280694
0 0.4704649566361788 0.9547821819520657 0.4610529736927905 0.9177318363971398 0.4544032983016245 0.923070643879653 0.4638152812450128 0.9601209894345788
0 0.5204565245893998 0.8316923425083895 0.5168958562284336 0.7905468414483371 0.5071451457677458 0.7932137024290381 0.510705814128712 0.8343592034890907
0 0.6244000002971738 0.9469595483788326 0.606453659740813 0.8632099591158159 0.5971060501663746 0.8695406153355413 0.6150523907227354 0.9532902045985582
0 0.6084044918456186 0.9243128384226481 0.599182575654393 0.8587347677294878 0.5901025350968787 0.8627703413106053 0.5993244512881043 0.9283484120037655
0 0.6519552252873222 0.948860356873262 0.645702525188784 0.9099546673712453 0.6367830985562256 0.9144851697877827 0.6430357986547639 0.9533908592897995
0 0.9911941449095165 0.8317027032571297 0.98966627220519 0.8009188976588497 0.9656985455141511 0.8046785410613659 0.9672264182184777 0.835462346659646
0 0.8632703521151228 0.5357414275900049 0.8456461243551107 0.5342494294727556 0.843408854746589 0.6177741615242508 0.8610330825066012 0.6192661596415001
0 0.8795969635021919 0.32283580540664136 0.8666579057077336 0.3170851130535499 0.8608551922889481 0.35834885292047697 0.8737942500834064 0.36409954527356836
0 0.8834352450695933 0.33825441273795914 0.8794649100277376 0.32766685262634454 0.8681661528291864 0.3410579722690728 0.8721364878710423 0.3516455323806874
0 0.9876337247826087 0.3015039894471577 0.965809417841245 0.29503752813119816 0.958286941673284 0.3752772739227834 0.9801112486146477 0.381743735238743
0 0.9923951860842528 0.3205935476868242 0.9812579488379265 0.3087138279574094 0.9772783373123284 0.32050526951473723 0.9884155745586547 0.332384989244152
0 0.9442667148604149 0.14767172724844327 0.9103073631753107 0.11748563686168358 0.9015280989612637 0.14870079851162782 0.935487450646368 0.17888688889838752
0 0.8452346850173483 0.13317897362525455 0.8358283305022981 0.13317897362525455 0.8358283305022981 0.1597633145908664 0.8452346850173483 0.1597633145908664
0 0.947016264641737 0.129319956388311 0.9202443325604405 0.09759025910677405 0.9073314671906674 0.13202456675950203 0.934103399271964 0.16375426404103896
0 0.983357594716345 0.1183723532667945 0.9699629458869136 0.10188663163057113 0.9394603088918015 0.1802143908278955 0.952854957721233 0.1967001124641189
0 1 0.19749592757431544 0.9935656600623701 0.19749592757431544 0.9935656600623701 0.2185061325310087 1 0.2185061325310087
0 0.45469221111412983 0.15560003900133085 0.4384466736534689 0.14247233196241307 0.4329455917189559 0.16398767463961952 0.44919112917961684 0.1771153816785373
0 0.5573494298589818 0.09856208675952056 0.5518634528990319 0.06767806831832152 0.5228904472268274 0.08394361536236634 0.5283764241867773 0.1148276338035654
0 0.5589174347074684 0.12467645659318756 0.5502510934535629 0.1024906229831897 0.5448316953531128 0.10918123792201707 0.5534980366070182 0.13136707153201493
0 0.09777726801909353 0.10506866044510926 0.09453734232239291 0.07778507563078832 0.06866137976874061 0.0874965479966035 0.07190130546544121 0.11478013281092443
0 0.2224552520618556 0.22854181867666665 0.210195416650473 0.22254812136443514 0.20530241375206176 0.254179655253154 0.21756224916344435 0.26017335256538554
0 0.2580738314516109 0.30279917472520257 0.2512569910030569 0.2878836947693921 0.24181374882324183 0.3015239334735693 0.24863058927179582 0.3164394134293798
0 0.2529961025210884 0.03417374153160108 0.2368605866991177 0.02461195437784071 0.23384572948275548 0.04069119286510595 0.24998124530472615 0.05025298001886633
0 0.2656694815961361 0.09886279192637426 0.25507229434331774 0.09563317295408669 0.251510124586139 0.13257419265816273 0.2621073118389573 0.13580381163045027
0 0.23898698779621824 0.17276786156395696 0.2214523392871391 0.15209208554418108 0.20048886787533446 0.2082813559265907 0.2180235163844136 0.22895713194636658
0 0.31830996778426157 0.2961581391849033 0.30890361326921145 0.2794357311581473 0.27381067527075476 0.34182317648873584 0.2832170297858048 0.35854558451549184
0 0.43231616818301616 0.6398550361725125 0.4311131296277474 0.6072393242296704 0.3871685321176345 0.6123621916989732 0.3883715706729033 0.6449779036418153
0 0.5330269394057934 0.606774969799459 0.5231150800643284 0.5597854144028849 0.5086834128631555 0.5694065258703335 0.5185952722046205 0.6163960812669076
0 0.5723538933196121 0.48692223506607213 0.5598120872995451 0.48692223506607213 0.5598120872995451 0.5409484763832834 0.5723538933196121 0.5409484763832834