1 0.8838606366636277 0.8305028210971344 0.7399238562059656 0.1779894163557345 0.5843892892319396 0.28642310139209276 0.7283260696896017 0.9389365061334927
0 0.07482152329615797 0.05371802037078863 0.06843418442121675 -0.00021950790649282058 0.05492954336441243 0.004834860676170786 0.06131688223935365 0.058772388953452236
0 0.14009140679524446 0.029585863655475157 0.13569413747544493 0.00307479065494466 0.09643295536075953 0.023656151079737023 0.10083022468055906 0.05016722408026752
0 0.0074902452619843955 0.16036360517965859 1.1046868637793682e-17 0.16036360517965859 1.175575860385531e-17 0.18094503044335808 0.007490245261984396 0.18094503044335808
0 0.11054384683519462 0.14424031398420908 0.09873221445328235 0.13469556054427992 0.09038147295809819 0.16735623839211128 0.10219310534001046 0.17690099183204044
0 0.10212253482953557 0.06412360501588077 0.06836700988376997 0.05148995825255323 0.06562117069594467 0.07467704472752236 0.09937669564171027 0.0873106914908499
0 0.1177873061960958 0.07785513417468656 0.09462186652039502 0.043174709864865574 0.08565918953410613 0.06209591683591996 0.10882462920980691 0.09677634114574094
0 0.19311682838941135 0.12157629137508794 0.1622408689018709 0.06758554254441604 0.1492184647441475 0.09112233228133834 0.18009442423168798 0.14511308111201024
0 0.22269573740864435 0.11341605098211398 0.20649662129246274 0.07921791695906383 0.19284542599783688 0.09965479412528731 0.20904454211401852 0.13385292814833746
0 0.22377264516610043 0.1775485863375266 0.21901025146084083 0.1133444637925449 0.206367589968031 0.11630831117547465 0.2111299836732906 0.18051243372045633
0 0.0074902452619844025 0.2594117142612124 1.7869934561136837e-17 0.2594117142612124 1.9007112215027365e-17 0.2924277506217303 0.007490245261984404 0.2924277506217303
0 0.10483766565738518 0.21264174467158764 0.09469832806899471 0.2028337579847786 0.07735367792811129 0.2595033656522896 0.08749301551650177 0.26931135233909864
0 0.11313084212331699 0.24054540776948785 0.09528288740245258 0.24054540776948785 0.09528288740245258 0.258554154875225 0.11313084212331699 0.258554154875225
0 0.07300704307609503 0.21263332830626092 0.07222276435746618 0.1889306825877001 0.05008165296050196 0.19124609292986633 0.05086593167913082 0.21494873864842712
0 0.05709423127732231 0.19560037336053723 0.03666848650186657 0.1900138448749424 0.03394152200928641 0.22152543456697946 0.05436726678474215 0.22711196305257428
0 0.045438703226635034 0.26282060982949296 0.03613493570826837 0.21650852262695647 0.02403403550373464 0.22419163386793026 0.033337803022101306 0.2705037210704667
0 0.05225341240710124 0.22642114996166432 0.04024174365597091 0.2242857421836857 0.03906684484373314 0.24517283217902427 0.05107851359486348 0.24730823995700296
0 0.041640704329363974 0.3852954237463108 0.029934609048507803 0.34714222431240926 0.0016464150194152594 0.37457320034062025 0.01335251030027143 0.4127263997745218
0 0.031803618321176855 0.39032719367167507 0.026437498406561954 0.38033315023281555 0.017930451354364413 0.3947693512910902 0.023296571268979313 0.40476339472994965
0 0.06138864556549627 0.40996826055843494 0.05511400061016699 0.37692442800542203 0.012321342588391057 0.4026060798118382 0.01859598754372034 0.4356499123648511
0 0.09752168490241468 0.4404727674450277 0.09273763853367431 0.40220039649510414 0.07562743710810794 0.4089599822434759 0.08041148347684833 0.4472323531933995
0 0.06127529800188663 0.51024783466255 0.05066300060029157 0.51024783466255 0.05066300060029157 0.5394048537861243 0.06127529800188663 0.5394048537861243
0 0.11776048627800396 0.5390806545060559 0.07450831518863159 0.48932652305684354 0.06299008996007115 0.5209725560080402 0.10624226104944352 0.5707266874572525
0 0.07461110535610342 0.5867337839694068 0.060924400638084894 0.5803863267088764 0.055404810718429856 0.618001309865044 0.06909151543644838 0.6243487671255744
0 0.18779493547423498 0.49477637943527913 0.18639783494946602 0.482002888923106 0.17394497282110563 0.48630758200451457 0.1753420733458746 0.4990810725166878
0 0.1869530997473497 0.5116990890080674 0.18506069706384848 0.49487773182138994 0.17810333425685873 0.4973514608194307 0.17999573694035995 0.5141728180061081
0 0.20142167706281686 0.5120824494145396 0.19006999828488114 0.51024783466255 0.18950458899709122 0.5213047274015525 0.20085626777502694 0.5231393421535422
0 0.20394166058900945 0.511553842534788 0.19610192545684696 0.46509615286271394 0.18165273821072186 0.4728023860606473 0.18949247334288438 0.5192600757327213
0 0.24222745663557235 0.599316041976008 0.2302267945300769 0.5904879687029998 0.22784674075196193 0.6007133849349013 0.23984740285745737 0.6095414582079095
0 0.23467135051615323 0.5918883810567042 0.2331603644661402 0.5787558603257268 0.2187493170774596 0.583996241194338 0.22026030312747263 0.5971287619253154
0 0.13425250059839344 0.7640138685165806 0.125654579532598 0.7606585822470018 0.12303791617060116 0.7818503250305812 0.1316358372363966 0.7852056113001599
0 0.17656343795557836 0.9513764037510177 0.1673982720178372 0.9513764037510177 0.1673982720178372 0.9753880665586672 0.17656343795557836 0.9753880665586672
0 0.2057954964696231 0.8364634460286955 0.1826710777959377 0.831324686323432 0.17574339973692432 0.9298516631627319 0.19886781841060974 0.9349904228679955
0 0.42764074693422505 0.9419432505051554 0.4179932038418659 0.9419432505051554 0.4179932038418659 0.95737931945293 0.42764074693422505 0.95737931945293
0 0.6472670889853529 0.8694794823892136 0.6420574157154788 0.8416945582832192 0.6354729675549436 0.8455964534894622 0.6406826408248176 0.8733813775954566
0 0.9846416827019379 0.7742903905446035 0.91566174959157 0.7742903905446035 0.91566174959157 0.8043049690541653 0.9846416827019379 0.8043049690541653
0 0.9829896274032651 0.8293108590631428 0.9765040333790567 0.7895325490479975 0.9632768424190918 0.7963484928598956 0.9697624364433003 0.8361268028750408
0 0.8031472782769318 0.6475859912649526 0.794705678071117 0.6325787020101727 0.7898819065249377 0.6411542958700481 0.7983235067307524 0.6561615851248281
0 0.8599858623493837 0.675730221561167 0.8572008762848566 0.6097157370686817 0.8411376270962736 0.6118575036271595 0.8439226131608006 0.677871988119645
0 0.8090727399306311 0.2882398063315914 0.798367235400038 0.24325506002122202 0.7880599795115264 0.2510075259886498 0.7987654840421196 0.2959922722990192
0 0.9583521277752592 2.0694103361996005e-16 0.938333475858614 2.0476185335391874e-16 0.938333475858614 0.017151187719749786 0.9583521277752592 0.017151187719749786
0 0.3169648835299698 0.052060451340101586 0.31187394925200196 0.03622198914197897 0.29291281648201906 0.05548409227338988 0.298003750759987 0.07132255447151249
0 0.3016438429806041 6.512102634438825e-17 0.29657888285711553 6.456966748189588e-17 0.29657888285711553 0.01329217048280599 0.3016438429806041 0.01329217048280599
0 0.4538338352625695 0.10676614355544124 0.4456334236340642 0.10676614355544124 0.4456334236340642 0.14364119715290286 0.4538338352625695 0.14364119715290286
0 0.27223302411227984 0.1385967301765058 0.2642596134977123 0.08189692136180421 0.2502990511405338 0.08810161574277253 0.2582724617551013 0.14480142455747413
0 0.28179216777132665 0.15713126595555194 0.2485638030051434 0.11774950030674239 0.2378772937336072 0.14624685836417248 0.2711056584997904 0.18562862401298202
0 0.3025705296693096 0.5311529049362205 0.3003909828052874 0.5046754467362471 0.2521049453454752 0.517237667864003 0.2542844922094974 0.5437151260639764
0 0.2857253968782115 0.3867592830803532 0.2695657621985099 0.3867592830803532 0.2695657621985099 0.43435382900265823 0.2857253968782115 0.43435382900265823
0 0.29064398048581597 0.35688073123201697 0.26631137977433744 0.35433614553669895 0.26508713982330706 0.3913353973900622 0.2894197405347856 0.39387998308538014
0 0.49031941293419895 0.4403595926769938 0.4848051224887845 0.4154060359139061 0.44768073705326994 0.4413341781228368 0.45319502749868434 0.4662877348859245
0 0.49619372874183293 0.19195539633248457 0.47819780156948444 0.1869039080034043 0.4764827552265117 0.20621405942057913 0.49447868239886017 0.2112655477496594
0 0.5280234504754008 0.30966469297154703 0.5193406616922775 0.30966469297154703 0.5193406616922775 0.33196123700722147 0.5280234504754008 0.33196123700722147
0 0.5247904481763772 0.1933902914469488 0.5096803678662138 0.18856884131948906 0.5005741932747695 0.2787633325109337 0.5156842735849329 0.2835847826383935
0 0.4673403808708898 0.434782608695652 0.4586575920877666 0.434782608695652 0.4586575920877666 0.4587942715033015 0.4673403808708898 0.4587942715033015
0 0.630976304018255 0.4239632730359355 0.6296276952093232 0.41257502087162184 0.6176060120363445 0.4170743642813916 0.6189546208452763 0.4284626164457053
0 0.9396710946711492 0.18114899313060256 0.9244749105786438 0.1440027653489233 0.9146513650109511 0.15670391517381915 0.9298475491034565 0.1938501429554984
0 0.9332905082451972 0.4386178700754233 0.9178505511188462 0.4120268328022635 0.9080647346758688 0.4299850335865091 0.9235046918022198 0.45657607085966884
0 0.19070898041737255 0.9848775889157113 0.17719713763490808 0.9208214453543958 0.1448183971194557 0.9424072723646967 0.15833023990192022 1.0064634159260122
0 0.14550666239971358 0.8614271316870045 0.12617595451742356 0.8465662871889076 0.11803758401218917 0.8800240325993156 0.1373682918944792 0.8948848770974125
0 0.1494277688973572 0.8337401155461679 0.12128927964874688 0.8206569205451045 0.11843348720745085 0.840068843021888 0.14657197645606118 0.8531520380229514
0 0.0820175156504588 0.9222193846274435 0.057416280764943 0.9222193846274435 0.057416280764943 1 0.0820175156504588 1
0 0.1316859080591645 0.6752207270081055 0.07915486271582745 0.6064081295992898 0.07048593036802536 0.6273236489146219 0.12301697571136241 0.6961362463234375
0 0.4062307844908324 0.4346814990737234 0.3915698893111774 0.43120632392002733 0.38906742616844314 0.46457249915648346 0.4037283213480981 0.4680476743101796
0 0.2741493353609453 0.6435062224649994 0.2678626871025416 0.6236373094507852 0.2501020469408217 0.6413979496125051 0.25638869519922547 0.6612668626267194
0 0.2920914693597726 0.6324465123682349 0.2635190939621056 0.6024902897290852 0.2558340023182897 0.6256569428002984 0.28440637771595667 0.6556131654394479
0 0.3104926867716999 0.594554955808423 0.3030514814801762 0.5803462345933325 0.2854628428857433 0.6094584639910144 0.292904048177267 0.623667185206105
0 0.485936043734984 0.06538890318154543 0.4840992999539388 0.04906229179447603 0.4710658402955113 0.053696410784138844 0.4729025840765565 0.07002302217120825
0 0.5166875873418788 1.1130914783387957e-16 0.5039045927445029 1.0991762308568453e-16 0.5039045927445029 0.00986193293885612 0.5166875873418788 0.00986193293885612
0 0.5382643994583912 0.052668843847181526 0.533916855782989 0.031199492363713086 0.4975421337306185 0.054479314477230055 0.5018896774060209 0.07594866596069849