1 0.9589050365607392 0.8263447138040568 0.9054838586830702 0.20903332499544724 0.520733137381613 0.3142642915052493 0.5741543152592821 0.9315756803138588
0 0.13230696458129543 0.03278400538702047 0.1241323313602031 0.01253622472453956 0.08734793125365622 0.05947259188558142 0.09552256447474855 0.07972037254806233
0 0.1737726290115386 0.009649719639024069 0.15671190401255064 -0.01663643443349056 0.14344592010680735 0.010575840244957366 0.1605066451057953 0.036861994317471995
0 0.13224967511692476 0.037584189243566574 0.1207932176947483 0.03351078216012612 0.11306590673711843 0.10219799067239253 0.12452236415929491 0.106271397755833
0 0.07166059438954377 0.19991222627461058 0.06756038857529113 0.17075520715103623 0.023805943138768222 0.19020162734504642 0.02790614895302086 0.21935864646862074
0 0.09245842226931775 0.2219763829155973 0.0751416984207934 0.171222261365568 0.06360004314753605 0.18366790785330636 0.0809167669960604 0.23442202940333562
0 0.08314609616314983 0.2330943493308608 0.07531884422029238 0.20804714311371716 0.049720999930424434 0.2333289646345746 0.057548251873281886 0.2583761708517182
0 0.13276509756714033 0.1165131075387646 0.12039555914693126 0.10287912741337858 0.09948372202503636 0.1628413843937224 0.11185326044524543 0.17647536451910842
0 0.2009983178143974 0.13276886323490372 0.19387091358235348 0.10989077557649114 0.17281267380586007 0.13062504243334613 0.17994007803790402 0.15350313009175873
0 0.21563598747963295 0.17665723351342033 0.1916377240373894 0.13399365406054356 0.1816283980790669 0.15178801131978384 0.20562666152131043 0.1944515907726606
0 0.10219310384500908 0.2736747506190142 0.09553760873251553 0.24310877306534007 0.06667224710825927 0.2629731079465486 0.07332774222075282 0.29353908550022273
0 0.057015536667260336 0.2901585165541943 0.0554682191789858 0.2681522233876233 0.04745333722533358 0.2699333082662127 0.04900065471360812 0.2919396014327837
0 0.12436970967900195 0.34763929642049274 0.10499382339988807 0.3306289161480196 0.08479439087701822 0.4033468732303509 0.1041702771561321 0.42035725350282405
0 0.09495741731485721 0.34059931605653987 0.06767351988916118 0.2775431975615983 0.05155333612916819 0.2995878933017598 0.07883723355486422 0.36264401179670136
0 0.2112120584235121 0.38185963153834257 0.2022063233520602 0.3632595512600498 0.1763989457919465 0.40275100946736864 0.1854046808633984 0.4213510897456614
0 0.19561733556298766 0.41720264128290857 0.16402163193551147 0.41720264128290857 0.16402163193551147 0.4425006431695392 0.19561733556298766 0.4425006431695392
0 0.04869460496197053 0.4574263983165447 0.03635420995692412 0.43624441761822746 0.011107331802919673 0.4827307329494103 0.023447726807966085 0.5039127136477275
0 0.04260984818874529 0.49413648357345585 0.026015661193578357 0.4884632572503218 0.02325455087559751 0.5139881881898778 0.03984873787076444 0.5196614145130118
0 0.05379845210530828 0.4283509133007458 0.03305623445673613 0.4283509133007458 0.03305623445673613 0.45193379641540143 0.05379845210530828 0.45193379641540143
0 0.10115325921770893 0.4278933139890426 0.09535010389121079 0.4112278422821762 0.034172028170122895 0.4785560949276062 0.03997518349662103 0.4952215666344727
0 0.0970194451590772 0.47320126918789085 0.09038675928308021 0.4378269445159073 0.07721786296200997 0.4456307349283935 0.08385054883800697 0.48100505960037704
0 0.10333657631944465 0.48587851727069076 0.08005772088817412 0.4627902489599101 0.06071795958418412 0.5244179998657063 0.08399681501545465 0.547506268176487
0 0.09028245556376957 0.5359892067561007 0.046183202591134766 0.5338845444218363 0.045873284442644116 0.5544080129218837 0.08997253741527891 0.5565126752561481
0 0.11870937413855173 0.5654508530551698 0.11544990453226889 0.5171624144435721 0.10036610785986985 0.5203802910670173 0.1036255774661527 0.568668729678615
0 0.11233478776344245 0.5769807617937803 0.10405306813585999 0.5375229687236988 0.08358651478810344 0.5510994551898722 0.09186823441568592 0.5905572482599539
0 0.12470789383414797 0.5788525855415484 0.1075835048452105 0.5788525855415484 0.10758350484521051 0.6474573364205467 0.12470789383414799 0.6474573364205467
0 0.2585176531556705 0.5619083949149677 0.2535275446596226 0.539730134932533 0.20678686174664135 0.572967953892876 0.21177697024268927 0.5951462138753107
0 0.258779800188663 0.5703455964325527 0.2478201912357429 0.555732784495326 0.24226320641454407 0.5689048966640937 0.25322281536746416 0.5835177086013204
0 0.25444314611239244 0.6100733851251724 0.2303701893218129 0.587248655723734 0.19173328144950655 0.7160383486314207 0.21580623824008607 0.7388630780328592
0 0.09339455732157004 0.8333176462713934 0.04962765451233067 0.7360578622508629 0.02165566219271628 0.7758402513276484 0.06542256500195565 0.873100035348179
0 0.1926521348184245 0.7417788008817252 0.16830627607358892 0.7309584192173536 0.15394846194201872 0.8330584308196275 0.1782943206868543 0.8438788124839992
0 0.19714900735290863 0.8037524179034002 0.17803792070139507 0.7886523000552906 0.15695256878819755 0.8729937077080796 0.17606365543971111 0.8880938255561892
0 0.17706843628982746 0.9752729672232261 0.1755769985155236 0.9545916967528787 0.1509294292137977 0.9602093763658074 0.1524208669881016 0.9808906468361549
0 0.20550606723265577 0.9732441680936985 0.15461527742046133 0.9732441680936985 0.15461527742046133 1 0.20550606723265577 1
0 0.4102901224688487 0.9178283992487205 0.36366021824776956 0.8847777191326904 0.3571532029109853 0.913792607191794 0.40378310713206444 0.946843287307824
0 0.5942801797472721 0.8795469600139053 0.582583718367518 0.8748211170321866 0.5777125620320833 0.9129243843671433 0.5894090234118374 0.917650227348862
0 0.5688672491898447 0.8202410283210558 0.5505786463382994 0.8023712484355765 0.525139959809951 0.8846544073297404 0.5434285626614962 0.9025241872152198
0 0.6668657015325686 0.972549441319667 0.6372517925636327 0.8588544338360927 0.6208586418456385 0.8723493975360727 0.6504725508145743 0.986044405019647
0 0.8831360050288602 0.9683397847447411 0.8387889011135629 0.8485349724245485 0.811156560009243 0.8808618402971292 0.8555036639245404 1.0006666526173218
0 0.9456471647764244 0.6206989561101235 0.9162434396897864 0.5893349826843737 0.90879496891995 0.6114045257061093 0.9381986940065881 0.642768499131859
0 0.9301904692942101 0.6908506383598642 0.9232206650854949 0.6467945920035408 0.9087903852456297 0.6540097319234736 0.9157601894543449 0.6980657782797968
0 1.0045441142160452 0.672656273366445 0.9934469402963366 0.661148093005266 0.9811300769908587 0.6986852002219616 0.9922272509105673 0.7101933805831406
0 1 0.588199977614685 0.9691712906508552 0.5865166875817648 0.96882252115922 0.6067045262841827 0.9996512305083648 0.6083878163171029
0 0.9604449000280871 0.5217669178035422 0.9485426103961003 0.4862489741398359 0.9186292635773379 0.51793024925758 0.9305315532093246 0.5534481929212862
0 0.9762353783854861 0.46055958363935345 0.9565579200660097 0.43257386514054236 0.928721228655617 0.4944331793858583 0.9483986869750934 0.5224188978846693
0 1.0005649911832748 0.4879380485194101 0.96469464566591 0.48436695634345905 0.9638359441622638 0.5116273215385758 0.9997062896796287 0.5151984137145269
0 1.0005968484687002 0.5146181035317849 0.9547137613732907 0.5016850812722295 0.952555679883366 0.5258828538922814 0.9984387669787755 0.5388158761518367
0 0.9569718953328487 0.4778909244791787 0.9235276661128586 0.45627041266019547 0.9200630010023181 0.4732087754228387 0.953507230222308 0.4948292872418219
0 0.983194551238084 0.3476545829305149 0.9692056137541633 0.3476545829305149 0.9692056137541633 0.3858159756069577 0.983194551238084 0.3858159756069577
0 0.971376310949944 0.35279993924643976 0.9617287678575849 0.35279993924643976 0.9617287678575849 0.37252380512415173 0.971376310949944 0.37252380512415173
0 1.0079980988760522 0.3317206217122227 0.9979070544539312 0.3137809871840097 0.9752353281868882 0.3540862783254241 0.9853263726090092 0.3720259128536372
0 1.0091319082056587 0.30690148335233325 0.9986306201858584 0.2807649442808319 0.9807663689395005 0.30344970776827185 0.9912676569593009 0.3295862468397732
0 1.0047593616666974 0.253380284922608 0.9905659910435713 0.24025930230211826 0.9781979380036313 0.28254324431900724 0.9923913086267574 0.295664226939497
0 0.9938610627092688 0.25716991709672804 0.9851562894806032 0.23077112769737645 0.9517932925609869 0.2655402279354443 0.9604980657896526 0.2919390173347959
0 0.8922293516576285 0.20153964860124812 0.8777023781166339 0.18432249477488366 0.8709862038869529 0.20223229272069895 0.8855131774279477 0.21944944654706344
0 0.9774859633513128 0.12468981193685853 0.9695549873125525 0.08853138354509148 0.9078002855499919 0.13134107197867648 0.9157312615887522 0.16749950037044353
0 0.8097799641529284 0.043735528685361603 0.8003736096378783 0.043735528685361603 0.8003736096378783 0.07417888688791711 0.8097799641529284 0.07417888688791711
0 0.9513554918150587 0.08348682307990189 0.950803649612637 0.05160260693997723 0.9014660708939475 0.054301414664760246 0.9020179130963693 0.08618563080468489
0 0.9400068909876959 0.056769949577435225 0.9383524457467167 0.04402459364693027 0.9315883256460065 0.04679961727799093 0.9332427708869856 0.05954497320849588
0 0.9064228083242991 0.08317317150683262 0.8923941456629392 0.05407668598697511 0.8849655374818226 0.06539646988200992 0.8989942001431827 0.09449295540186745
0 0.33323954660808036 0.13163536574907797 0.3225307737755616 0.07452191064231187 0.310374869479189 0.08172540948460677 0.3210836423117078 0.13883886459137285
0 0.3292778114123297 0.14140448049556836 0.3216273097400889 0.12466492128109276 0.30353986894952006 0.15079122464524775 0.31119037062176086 0.16753078385972336
0 0.2922112111108276 0.2376540645478608 0.2910024527934192 0.20327160574157682 0.25298287441232453 0.20749600333947626 0.25419163272973294 0.24187846214576028
0 0.2663208451816115 0.28431587748757575 0.24996031981102018 0.2390098072305537 0.23719690144787384 0.2535765617959005 0.25355742681846516 0.2988826320529225
0 0.24936562184745423 0.2433430891326849 0.23422566560845504 0.24065154135686262 0.23004187959414454 0.3150299593890439 0.24518183583314374 0.31772150716486613
0 0.36528000197211413 0.8516027784924103 0.3211280210099326 0.7382248520710056 0.3012743420801668 0.7626601492153328 0.3454263230423483 0.8760380756367374
0 0.4340271917256416 0.1252154639017199 0.43114856577838806 0.10269821204764784 0.41636640692233523 0.10867080148443692 0.41924503286958875 0.13118805333850894
0 0.5414150312436533 0.10921680523856697 0.4923257804834909 0.06889918798005798 0.48677586695627784 0.09025581724933367 0.5358651177164403 0.13057343450784265
0 0.5193406616922775 0.10419346539747881 0.5041457813218119 0.10419346539747881 0.5041457813218119 0.16979675842552097 0.5193406616922775 0.16979675842552097
0 0.5580235178818154 0.12396788608615515 0.5169477339732994 0.1142314039745069 0.5149824156970612 0.14043564765768327 0.5560581996055771 0.15017212976933153
0 0.5480567138162314 0.11005796176281467 0.5210289817334403 0.05574136008918619 0.5087629913644371 0.07503146460112282 0.5357907234472283 0.12934806627475132
0 0.44318293296762246 0.3228196552611267 0.43091125815414166 0.3064574221764855 0.40457346551200124 0.36888774547637404 0.41684514032548203 0.38524997856101517
0 0.4682815165331502 0.3095214068551702 0.464059041811627 0.2910229461704018 0.43844324902426596 0.30950261632939985 0.44266572374578916 0.3280010770141682
0 0.5034151112707406 0.2864382096992324 0.5012483970055943 0.26428957498884764 0.46321096689865116 0.27604993985283 0.4653776811637975 0.29819857456321486
0 0.5129916179486 0.6365647800748206 0.4526023635945461 0.6063701528977941 0.4471805316847226 0.6406414854635923 0.5075697860387766 0.6708361126406189
0 0.5958456666378995 0.48555013481436504 0.5828214834632147 0.48555013481436504 0.5828214834632147 0.4984135256041773 0.5958456666378995 0.4984135256041773
0 0.5036644538560295 0.542136473956248 0.46360002367908076 0.5314526259090615 0.46122234068712525 0.5596325724803859 0.5012867708640739 0.5703164205275724
0 0.5452340051792199 0.5891654702887061 0.5070503304119895 0.48055412872858405 0.49011835028809636 0.49936743997735433 0.5283020250553268 0.6079787815374763
0 0.5963280437925175 0.6793585560475353 0.5713409071833073 0.5905154036592324 0.5550365593572204 0.6050081572824207 0.5800236959664304 0.6938513096707237
0 0.23109882492065276 0.5102002830875176 0.22146063348305028 0.4987075886903764 0.20025971469468062 0.5549007310142975 0.2098979061322831 0.5663934254114387
0 0.20372498235406636 0.5283951210604322 0.19715723186426862 0.5108811197543038 0.16821460258719062 0.5451834951938017 0.17478235307698836 0.5626974964999302
0 0.2379770358903387 0.45693012529249866 0.21675177573934912 0.433961727834423 0.19119177467479265 0.5086131595150323 0.21241703482578222 0.531581556973108