1 0.8427895314902145 0.16697617732393655 0.472358391619997 0.04794656852914054 0.4248314744853642 0.5154093863364473 0.7952626143555817 0.6344389951312434
0 0.15400276606388755 0.09549349933456516 0.14988886191258693 0.0418603785472387 0.13487450605536067 0.04550022239141475 0.13898841020666128 0.09913334317874122
0 0.21883288830370917 0.11111129318316758 0.19320852225585083 0.027594840879036617 0.17764494597102748 0.04268679364007741 0.20326931201888582 0.12620324594420837
0 0.10938895879371775 0.2385703759124486 0.10686980120001713 0.2054294582353199 0.09318935670988537 0.2087160515062224 0.09570851430358601 0.24185696918335106
0 0.15984906954806619 0.2898121944944689 0.14364119715290286 0.28020752937140875 0.139082733041763 0.30451933796415376 0.15529060543692633 0.3141240030872139
0 0.251859820416759 0.28376934523316577 0.23199333468408118 0.22637727533876348 0.22087795724569576 0.2385376882628091 0.24074444297837355 0.2959297581572114
0 0.21828906183003158 0.37818368922047824 0.20622963296458266 0.37818368922047824 0.20622963296458266 0.40048023325615273 0.21828906183003158 0.40048023325615273
0 0.21603287217605854 0.6094523679011857 0.19894202493622934 0.605557018102934 0.19235770158220244 0.6968596352787724 0.20944854882203165 0.700754985077024
0 0.2640733072812705 0.7065993630403731 0.21001379857408575 0.6681570457374859 0.20277814125481639 0.7003155227120161 0.2568376499620011 0.7387578400149033
0 0.15322489621009194 0.7122282923974836 0.11384022029187288 0.694723991989386 0.10935695026660003 0.7266050232802147 0.1487416261848191 0.7441093236883123
0 0.03957596550127834 0.7718612856775076 0.030146692614628712 0.7534218186991706 -0.0023744766850555543 0.8059812842340143 0.007054796201594077 0.8244207512123511
0 0.11837823659545589 0.8756487312575992 0.07037183505069038 0.8646365101147139 0.06762964189127567 0.9024178380888715 0.11563604343604118 0.913430059231757
0 0.015631989398711868 0.8345165544496971 0.003781156059584262 0.8310051964232888 0.0004957765200240827 0.8660492448452636 0.012346609859151689 0.8695606028716718
0 0.02499571220307003 0.8291999180293819 0.023712588971786304 0.8132321622622949 -0.0011057156333075802 0.8195352237493027 0.00017740759797614525 0.8355029795163895
0 0.028998591332596885 0.8906157990203165 0.010327757936207715 0.8823176508441436 0.00025458794271507323 0.9539490819089801 0.018925421339104243 0.9622472300851529
0 0.01303758254009095 0.8767687371701071 6.054511196028709e-17 0.8767687371701071 6.17561323189757e-17 0.9119286719955936 0.013037582540090952 0.9119286719955936
0 0.16396399718752933 0.9413082645675596 0.14971176385691834 0.9265548978568288 0.13320184728625137 0.9769619861305563 0.14745408061686235 0.9917153528412871
0 0.23551985754425256 0.9562064808809174 0.2266526304373047 0.9467481053001738 0.22280070698204676 0.958161211834272 0.23166793408899464 0.9676195874150157
0 0.25579441964014016 0.8458027059111287 0.23858376612355198 0.8422723154461874 0.23649017885248746 0.8745290674744406 0.25370083236907565 0.8780594579393818
0 0.43923198032003413 0.895650177062761 0.4326603009665329 0.8820200272925363 0.4234440598006557 0.8960638233548254 0.4300157391541569 0.9096939731250502
0 0.44873772228667363 0.9899975383302329 0.4377285456506442 0.8872452230606283 0.4175795357939654 0.8940681681972814 0.42858871242999486 0.9968204834668861
0 0.434260676188124 0.894228537025578 0.42374362523107123 0.8599507413137029 0.4128947479510967 0.8704708647367086 0.4234117989081495 0.9047486604485838
0 0.5313382965359387 0.9632871663541334 0.524691968772085 0.9627245142683045 0.5237046240560886 0.9995853836655001 0.5303509518199423 1.000148035751329
0 0.5234198902338827 0.8344783915123143 0.504821091673098 0.7605694403688036 0.49227650217262364 0.7705464238311692 0.5108753007334084 0.8444553749746798
0 0.5441442420116249 0.7413391940400993 0.5273269272601393 0.7349325979442951 0.51546750843441 0.8333218504244196 0.5322848231858954 0.8397284465202237
0 0.5552295043306745 0.7918703579573468 0.5342460981047934 0.7918703579573468 0.5342460981047934 0.8733384996261573 0.5552295043306745 0.8733384996261573
0 0.6356784454000473 0.8806044722517752 0.6120397821217104 0.8606982294910703 0.6093534215649409 0.8707803728152422 0.6329920848432777 0.8906866155759471
0 0.634780556305048 0.8936898479814209 0.6061026461981878 0.8529034869405535 0.5989493459540972 0.8687997097051996 0.6276272560609575 0.9095860707460671
0 0.4580305017867632 0.7729182955270233 0.4514653487124128 0.6912186128239962 0.43518994351560286 0.6953520490644559 0.44175509658995327 0.7770517317674829
0 0.554270247765011 0.7063734138040313 0.5494319077812759 0.6940855662262911 0.5364498112039737 0.710241064189156 0.541288151187709 0.7225289117668962
0 0.5870264697790986 0.712197176796448 0.5611178264676182 0.7083588592688214 0.5600050322729995 0.7320984687540196 0.5859136755844798 0.7359367862816463
0 0.5912971575350345 0.7212971458589595 0.5781727243377177 0.7079389441314105 0.555119506035442 0.7795234560744774 0.5682439392327588 0.7928816578020262
0 0.589243146443644 0.7980632370850032 0.5744698060340615 0.7269323388166425 0.559755845940742 0.7365907331343087 0.5745291863503246 0.8077216314026692
0 0.7164308738526486 0.8544926762407857 0.7002389782804407 0.846026325614795 0.6832213574833698 0.9488883890993157 0.6994132530555777 0.9573547397253065
0 0.7685173752397645 0.9238658986485397 0.716227691679178 0.8541463205677577 0.699412024069196 0.8940056808284557 0.7517017076297825 0.9637252589092378
0 0.7932082628190378 0.6777825426669633 0.7773783558653334 0.6343968717568109 0.7669953426176943 0.6463700762225569 0.7828252495713985 0.6897557471327094
0 0.8578609589664788 0.5669345778430831 0.8568009556927367 0.524938257664345 0.8133986434263687 0.5284005503807503 0.8144586467001108 0.5703968705594885
0 0.8521531396583111 0.6492983922171319 0.8114727096725739 0.6062968566165929 0.8042594400679819 0.6278638041212319 0.8449398700537191 0.6708653397217706
0 0.805989047220166 0.4882388357127845 0.7866840297410879 0.4663988159384739 0.7788383071968605 0.4883170249509187 0.7981433246759386 0.5101570447252293
0 0.8662016032671954 0.3522911129255945 0.8478724460346625 0.3442741270461092 0.8380855358538294 0.41499244577213024 0.8564146930863623 0.42300943165161553
0 0.8095387755756198 0.42895120225387284 0.7989264781740236 0.39121858927042424 0.7892789350816651 0.39979418313029946 0.7998912324832612 0.43752679611374806
0 0.9025322847125626 0.4107740918826568 0.8957834322831397 0.38551522898891033 0.8763259958067091 0.4019459531245628 0.883074848236132 0.4272048160183093
0 0.8617490087813275 0.2969375014815625 0.8504698959012892 0.2635179077629331 0.7987207585051432 0.31871698765215967 0.8099998713851815 0.3521365813707891
0 0.9496338700837081 0.28227071374769186 0.9215070257004698 0.25226874640557106 0.9058439557387574 0.29867784258842267 0.9339708001219957 0.32867980993054347
0 0.9749426499132993 0.32679082708609536 0.9699061446219651 0.28799108261952133 0.9407711064798435 0.2999439187803919 0.9458076117711777 0.338743663246966
0 0.8237013230646325 0.11570283124193827 0.8222776573906191 0.08812867502946828 0.7710702524506604 0.09648458007603154 0.7724939181246738 0.12405873628850153
0 0.8520277488648554 0.11089480575395753 0.8384018374869866 0.04791281538514555 0.8252458708628445 0.05690834811960234 0.8388717822407132 0.11989033848841431
0 0.8568867007454509 0.05161000980399017 0.8500649751737255 0.04294750114148124 0.8434811788742098 0.05933383859805246 0.8503029044459354 0.06799634726056139
0 0.8931189669314475 0.028467757441135808 0.8830696521330037 -0.00636986719346972 0.8687960845060535 0.006643071953607323 0.8788453993044973 0.04148069658821285
0 0.8635650168928307 0.06002915701912373 0.8546410395323984 0.06002915701912373 0.8546410395323984 0.07460766658091088 0.8635650168928307 0.07460766658091088
0 0.6793933957061227 1.4599749555783709e-16 0.6596159323667865 1.43844570475724e-16 0.6596159323667865 0.03515993482548679 0.6793933957061227 0.03515993482548679
0 0.6472158265974094 0.14986784825740537 0.6317262473667055 0.14704353751448496 0.629831889198017 0.17987907910508294 0.645321468428721 0.18270338984800338
0 0.5939446621039266 0.11319956326546654 0.5727032552283238 0.09658406277610604 0.5627951250135638 0.13661691212867166 0.5840365318891667 0.15323241261803217
0 0.597888015224996 0.15866829147433473 0.5867521213738156 0.1306223365898805 0.5698778332421801 0.15179791385310942 0.5810137270933604 0.17984386873756364
0 0.6058079016517257 0.15684162001581034 0.6029852580395507 0.11920637185347777 0.5873764601543146 0.12290623505590419 0.5901991037664895 0.16054148321823675
0 0.35429530646295754 0.17601406397393018 0.3481449977415786 0.1650801818025898 0.3427182547521266 0.1747277248949489 0.3488685634735055 0.18566160706628929
0 0.4047692055849748 0.13392099337380248 0.37870559273757265 0.07751278779101906 0.36060597895279867 0.10394396982592709 0.38666959180020083 0.16035217540871052
0 0.40693824755837094 0.08433543671231064 0.3914408484223175 0.05302755966977858 0.3704863674270785 0.08580968104899694 0.38598376656313194 0.117117558091529
0 0.4274960396762325 0.11534173741531599 0.42556891906347666 0.08108181541076666 0.3883399099521204 0.08770030591945223 0.3902670305648763 0.12196022792400155
0 0.42864129707273735 0.027877307811423415 0.4124723420959307 -0.007552340303129728 0.38396170858967527 0.033569915152433696 0.40013066356648197 0.06899956326698684
0 0.4743024826491207 0.06527084192361156 0.4379484257471188 -0.00433008752979437 0.4271801817585513 0.013446061276729537 0.4635342386605533 0.08304699073013547
0 0.3298628947489684 0.307692307692308 0.3056475615871475 0.22159334533916458 0.289246738330137 0.23617185490095136 0.3134620714919578 0.3222708172540948
0 0.34165788926020046 0.2822330768803929 0.3126088532578397 0.2797738992293994 0.3120975553009652 0.29886235628604596 0.341146591303326 0.3013215339370395
0 0.31628710375572877 0.4185211534630012 0.26465234754067535 0.4117215147844757 0.26342633302627805 0.44114586313001186 0.31506108924133147 0.44794550180853737
0 0.4380500526236686 0.17165315143160362 0.437049050320155 0.16008601370211353 0.4276064478108272 0.16266860584141687 0.42860745011434076 0.17423574357090693
0 0.45072997600124176 0.14971804038809 0.4453656093679903 0.1459033796711112 0.44139015626613887 0.1635720601237842 0.4467545228993903 0.167386720840763
0 0.38100995850879654 0.1714138139161377 0.3758882652458927 0.16804150559488418 0.3717802040738749 0.1877601992205697 0.37690189733677876 0.1911325075418232
0 0.4359863701211143 0.19697847376711122 0.42363556842204375 0.1904727016787119 0.4221318656147101 0.19949491852271384 0.43448266731378066 0.2060006906111132
0 0.5454881050282568 0.3020602310986964 0.5428024376268703 0.2734131121505742 0.5224643738105457 0.27943920513318904 0.5251500412119322 0.30808632408131126
0 0.5592814842062515 0.263528001931016 0.5474632439181114 0.263528001931016 0.5474632439181114 0.27939285057178437 0.5592814842062515 0.27939285057178437
0 0.5135598479829431 0.3041008646861734 0.5045818443811937 0.3011988837239918 0.5019191224877025 0.3272343866825716 0.5108971260894519 0.3301363676447533
0 0.48185995089006933 0.40459653401127404 0.47245359637501916 0.40459653401127404 0.47245359637501916 0.427750637432936 0.48185995089006933 0.427750637432936
0 0.6863926117077511 0.4445820544303727 0.6766066159379021 0.3610748905276583 0.6620630651198032 0.36646139083065765 0.6718490608896522 0.44996855473337205
0 0.6984972274002754 0.3768851508992188 0.6864815331996172 0.3416391145772882 0.6591507692904388 0.3710864022908811 0.671166463491097 0.4063324386128117
0 0.7135627351059055 0.4309589131957972 0.6850797828820518 0.3718831604352131 0.6735594814247055 0.3894379055130745 0.7020424336485591 0.4485136582736586
0 0.5729717012484798 0.43152058995769577 0.559891859171339 0.4268699794413793 0.5584911101261985 0.4393210820648515 0.5715709522033393 0.443971692581168
0 0.5633334346398633 0.46659806714991464 0.5464502342282348 0.46659806714991464 0.5464502342282348 0.5064745785983324 0.5633334346398633 0.5064745785983324
0 0.5893465050998706 0.4793255034029241 0.5805519460004336 0.4668176860170575 0.576245847498234 0.4763867937997226 0.5850404065976711 0.4888946111855892
0 0.4974889530345121 0.4978989847384577 0.48808259851946195 0.4978989847384577 0.48808259851946195 0.5099048161422823 0.4974889530345121 0.5099048161422823
0 0.5665143934236178 0.5979502764979584 0.5614439724266803 0.5498751737121853 0.5457020945657893 0.5551224663324826 0.5507725155627268 0.6031975691182558
0 0.5601979831348466 0.6106680439958112 0.5483797428467067 0.5986622125919865 0.5442535628779747 0.611499216939153 0.5560718031661146 0.6235050483429777
0 0.5307729767031514 0.5347740383359196 0.5074486225210363 0.5244076586994234 0.4992765860192728 0.5825199182675161 0.5226009402013878 0.5928862979040121
0 0.5702518265688771 0.523870252486184 0.5577823353215562 0.4997746172256606 0.5282085192997013 0.5481442363191831 0.5406780105470221 0.5722398715797066
0 0.2584710876422969 0.5816825210470529 0.24496452731299417 0.5816825210470529 0.24496452731299417 0.6412828983731826 0.2584710876422969 0.6412828983731826
0 0.3757852028127946 0.6118686219020664 0.35576655089614934 0.6118686219020664 0.35576655089614934 0.6251607923848722 0.3757852028127946 0.6251607923848722