1 0.7693637702125873 0.1430236517444019 0.7125653641629426 0.07941966841655705 0.5069184595846823 0.6598217433321605 0.5637168656343269 0.7234257266600053
0 0.12446670525683892 0.06731841180001713 0.11578391647371569 0.0518823428522425 0.09166505874281786 0.09476031215161645 0.10034784752594109 0.11019638109939109
0 0.11626629362833368 0.03687505359746163 0.10179497898979498 0.03687505359746163 0.10179497898979498 0.06774719149301087 0.11626629362833368 0.06774719149301087
0 0.17951266024762366 0.07945568878185798 0.17050675784912844 0.0617143315043419 0.14718880435134055 0.09912416475824554 0.15619470674983577 0.1168655220357616
0 0.18404028385215665 0.028299459737586845 0.1731867978732526 0.028299459737586845 0.1731867978732526 0.06260183517708602 0.18404028385215665 0.06260183517708602
0 0.11749598593715195 0.23828704295321682 0.08184176992563627 0.22621365763714785 0.07900239455162682 0.25271449446123573 0.1146566105631425 0.26478787977730467
0 0.13218473973072625 0.22210788097075712 0.1030009218763399 0.2221078809707571 0.1030009218763399 0.24483320469942527 0.13218473973072625 0.24483320469942527
0 0.20926489844517876 0.2951389576035833 0.16705318682261047 0.28575857724301235 0.16488991081382376 0.3165251693679784 0.20710162243639205 0.3259055497285493
0 0.18717573535717338 0.28642483491981807 0.16862276787186734 0.23695025495900193 0.1572126928684041 0.2504733068149584 0.17576566035371016 0.2999478867757745
0 0.2231472573634575 0.31328574467185316 0.20968284435187293 0.3118350335056218 0.20796958898661497 0.3620905242198542 0.22143400199819954 0.36354123538608557
0 0.2315544335820254 0.3867592830803532 0.22359521053082912 0.3867592830803531 0.22359521053082912 0.4026241317211215 0.2315544335820254 0.40262413172112155
0 0.23905947998918142 0.38647430949977873 0.2130830991536547 0.3701754038774876 0.21036249200160945 0.38387920286556754 0.23633887283713617 0.4001781084878587
0 0.05214389846496866 0.3870079910046708 0.049196574050252934 0.3503301760659863 0.037580932167052536 0.3532801803537832 0.040528256581768264 0.3899579952924677
0 0.068269766743847 0.37029415857177483 0.05862222365148785 0.37029415857177483 0.05862222365148785 0.3801560915106308 0.068269766743847 0.3801560915106308
0 0.031978247090110115 0.45857928151761596 0.018410415335871587 0.45492464670165933 0.01581774638320097 0.48534529574632745 0.0293855781374395 0.4889999305622841
0 0.15242978910198363 0.4150736828963758 0.14843784651567563 0.3753842454950584 0.10169307092198343 0.3902435119089473 0.10568501350829143 0.4299329493102647
0 0.18928449307395656 0.4543816936958389 0.15360735317131796 0.4504175670399902 0.152248438541188 0.4890711387414648 0.18792557844382662 0.4930352653973134
0 0.12262845718113267 0.579422762349208 0.11994278977974619 0.563905572918975 0.08845268763747018 0.5811309279369721 0.09113835503885666 0.5966481173672051
0 0.1289926427548202 0.529845805750816 0.11769204944279538 0.5290731156098228 0.11652137637774765 0.5831842261720284 0.12782196968977247 0.5839569163130215
0 0.15159332642241352 0.5957818324167176 0.13349850809889147 0.5452312288462441 0.12196543783451105 0.558278742680695 0.14006025615803314 0.6088293462511685
0 0.18298662292147638 0.6195779465298353 0.1632631092862067 0.53678788929537 0.14338762505223118 0.5517529597774221 0.16311113868750088 0.6345430170118874
0 0.2056557704875372 0.6050288360552292 0.19139237703633383 0.5948859784899292 0.1840402838521567 0.6275619481973831 0.19830367730336007 0.6377048057626832
0 0.20247276618391108 0.6643966460590331 0.19839242295837792 0.6317539002547687 0.16910077962237108 0.6433259074986235 0.17318112284790427 0.6759686533028879
0 0.10147343361063885 0.7361511932598304 0.09133151892926841 0.7210648077020549 0.0728961323525476 0.7602337591279331 0.08303804703391804 0.7753201446857088
0 0.08491177857816654 0.683303308286569 0.07261116113540864 0.683303308286569 0.07261116113540864 0.7343280917528241 0.08491177857816654 0.7343280917528241
0 0.10213406175436465 0.7867577592720056 0.10114660734373493 0.7639365906707859 0.06591888749325298 0.768754056633245 0.06690634190388267 0.7915752252344648
0 0.14889613458043607 0.750721572891804 0.13829705299129633 0.7436555184990442 0.13143804632700265 0.7761722908334735 0.1420371279161424 0.7832383452262334
0 0.18862286682102727 0.7802075189031542 0.17029253494554492 0.7802075189031542 0.17029253494554492 0.7934996893859602 0.18862286682102727 0.7934996893859602
0 0.021011769846083772 0.8919027824655174 0.0009574677930114239 0.8752651392807465 -0.006239458513843249 0.9026820014020982 0.0138148435392291 0.919319644586869
0 0.10975420204099132 0.8446102601955766 0.0998654703713232 0.8446102601955766 0.0998654703713232 0.880198974714057 0.10975420204099132 0.880198974714057
0 0.12553172897461906 0.9638688278401497 0.12301957379298507 0.9445159286631176 0.11340184052478772 0.948461665388532 0.1159139957064217 0.9678145645655641
0 0.17068597898639426 0.8669370846638169 0.16005354877651295 0.8473775222294074 0.11398619584439354 0.9265221808616199 0.12461862605427484 0.9460817432960297
0 0.15714775748220555 0.9280079104828588 0.14669861705937837 0.8970474944152227 0.1370510739670192 0.9073382070470726 0.1475002143898464 0.9382986231147087
0 0.18274252199465396 0.9991560434245247 0.17944273055779786 0.928760492771596 0.1614184586700731 0.9314307552734813 0.16471825010692917 1.0018263059264099
0 0.24750003764754666 0.9506429950536182 0.23505263788026012 0.8937405961174518 0.22178403303741767 0.9029139525520097 0.2342314328047042 0.959816351488176
0 0.31261376548839626 0.8892562681931309 0.2687359002424263 0.8811166062344582 0.267027572860981 0.9102214431035256 0.31090543810695104 0.9183611050621983
0 0.2751445896353734 0.8213462496594184 0.2743872038924878 0.7775861845149167 0.2628544660914627 0.7782170351296736 0.2636118518343483 0.8219771002741754
0 0.3435242022301707 0.8239632991726498 0.3402655714703867 0.7974804587121826 0.30887554123362604 0.8096876926931452 0.31213417199341004 0.8361705331536123
0 0.3800727994870421 0.9394926096444299 0.3315419471389786 0.9159624994150654 0.32239162357522544 0.9756090530158255 0.3709224759232889 0.9991391632451901
0 0.3953514241141911 0.9516721138841171 0.3820777355147039 0.8966108871010589 0.3707543476524221 0.905238230234226 0.3840280362519093 0.9602994570172841
0 0.3609279923389546 0.9856787791905168 0.33005585444340535 0.9856787791905168 0.33005585444340535 1 0.3609279923389546 1
0 0.3568687247119727 0.8052902431482044 0.3399558395523677 0.7731251695630126 0.3346925147502903 0.7818719508766098 0.3516053999098953 0.8140370244618016
0 0.4195420104375681 0.9307637014540097 0.4081309757978556 0.917533516364488 0.40002204949177794 0.9396378488136483 0.41143308413149043 0.95286803390317
0 0.49424867829649766 0.8134649012058066 0.479110180643166 0.8006580802025284 0.4576968047550528 0.8806565215236599 0.47283530240838445 0.8934633425269382
0 0.46709921584715275 0.8811422900386431 0.4628301780287839 0.8583740883406757 0.4567522258805976 0.8619758377618232 0.4610212636989665 0.8847440394597906
0 0.5127298404746378 0.942260497908064 0.508299220251008 0.8910622197683435 0.4940718824970305 0.8949534574446452 0.4985025027206602 0.9461517355843656
0 0.5109937042114387 0.9849319272341456 0.5006244045395288 0.9367978941892309 0.488773885164256 0.944866332912821 0.4991431848361659 0.9930003659577358
0 0.6217834715278622 0.7916188714407819 0.6152074243177725 0.7724885522841576 0.5968467406213255 0.7924359617321496 0.6034227878314151 0.8115662808887738
0 0.5683360393509822 0.8274100529839872 0.5462782188319639 0.7861322601998588 0.5344628309711509 0.8060871374758984 0.5565206514901692 0.8473649302600269
0 0.8992609263345595 0.8128805629140401 0.8838248573867848 0.8128805629140401 0.8838248573867848 0.8553297525204202 0.8992609263345595 0.8553297525204202
0 0.9878205481508704 0.9512649210308397 0.932443650800729 0.9372009471006449 0.9297375149633222 0.9708773041883734 0.9851144123134636 0.9849412781185681
0 0.9995592723904524 0.9255645981998649 0.9601788663561606 0.8908311479163898 0.9506345120113486 0.9250317509852994 0.9900149180456405 0.9597652012687745
0 0.9667454902656119 0.8507846877746874 0.9521777001961496 0.8378355410462759 0.9484151583901294 0.8512134674676806 0.9629829484595916 0.8641626141960921
0 0.971005251600238 0.8419056498243855 0.9536285422535004 0.8242531196943664 0.9495023622847684 0.8370901240415329 0.966879071631506 0.8547426541715519
0 0.9840535253794038 0.8579281139290287 0.971771639841381 0.8052685262627352 0.9478931136725428 0.8228700414874615 0.9601749992105655 0.875529629153755
0 1.0007657782377493 0.8043793874283716 0.9761274590281744 0.7979694182031162 0.9741383907377287 0.8221329144722334 0.9987767099473036 0.8285428836974886
0 1.0003796856218101 0.7622943097815693 0.9472649734331151 0.7609302800435463 0.9468852878113049 0.8076575159390733 1 0.8090215456770964
0 1.0018124541095885 0.7172461998497828 0.9974061243318285 0.6780788240474701 0.9575636266571337 0.6922450454429168 0.9619699564348937 0.7314124212452293
0 1 0.7149472705660158 0.9858476255884827 0.7149472705660158 0.9858476255884827 0.7483920866195274 1 0.7483920866195274
0 0.999699452117573 0.6347493786818901 0.9987708987205035 0.6157656203418033 0.9913397564755353 0.616914395954552 0.9922683098726048 0.6358981542946388
0 0.7977631243485286 0.4551155434828557 0.7960362499994689 0.4315788856882626 0.7720940247954478 0.4371307060254266 0.7738208991445075 0.46066736382001966
0 0.8885547876434996 0.43851607565798706 0.8524225985226794 0.4309590164954624 0.8506182116234942 0.4582253074164842 0.8867504007443143 0.46578236657900873
0 0.8898908198137869 0.39721160407631356 0.8875765247945216 0.3704686394092474 0.8499873547285985 0.38074943805975636 0.8523016497478638 0.40749240272682247
0 0.8922905764503302 0.3563588133153514 0.867761698138007 0.3418231817228635 0.8643368203402194 0.3600891966443968 0.8888656986525426 0.37462482823688464
0 0.9583223921972347 0.33647577031873344 0.951631887141746 0.3103084616572661 0.893137049238091 0.3575770175390074 0.8998275542935799 0.3837443262004747
0 0.9643134401299287 0.27072022448041966 0.9226494493778895 0.26787140459993863 0.9221375025749456 0.2915347234915667 0.9638014933269848 0.2943835433720477
0 0.9605302461580343 0.263593965420567 0.9427193973721403 0.2596359990237017 0.9420069634207046 0.2697683929996768 0.9598178122065986 0.27372635939654205
0 0.8492866531161392 0.05771374667695718 0.8443181684235741 0.040048023325615155 0.8143143094063373 0.06671812022982603 0.8192827940989024 0.08438384358116806
0 0.8416168563577137 0.14364119715290294 0.8283514846057198 0.14364119715290294 0.8283514846057198 0.18694794614527066 0.8416168563577137 0.18694794614527066
0 0.9250868963385976 0.04748856061398844 0.8964089135284009 -0.001849904435812455 0.8853629691737291 0.018441904452769817 0.9140409519839259 0.06778036950257071
0 0.9999030978523509 0.14420304640579099 0.9854941595700125 0.08443263575312926 0.9724242337341139 0.09439067448524262 0.9868331720164523 0.15416108513790436
0 0.9995953744950945 0.12177343281022224 0.9945304143716059 0.12177343281022224 0.9945304143716059 0.1397821799159593 0.9995953744950945 0.1397821799159593
0 0.9763992382093374 0.10755787369395654 0.9641976982319469 0.026214273844687823 0.9466339657349653 0.03454078406547915 0.9588355057123558 0.11588438391474787
0 0.9901407822645827 0.0191235743075208 0.9833875020999312 -0.004888088500128538 0.9626452844513591 0.013549438298602508 0.9693985646160106 0.03756110110625185
0 1.0049111673990005 0.03739334485523828 0.994977930445723 0.009827939326359787 0.9619254511512844 0.04747104074502603 0.9718586881045619 0.07503644627390453
0 0.9997747952660194 0.07130815455311756 0.974282339174106 0.06627260767076429 0.9728763862478415 0.08876785449099683 0.9983688423397549 0.09380340137335011
0 1.004013949231395 0.04963553726095545 0.99802282497104 0.03543435382900265 0.9750230822388558 0.06610067747191462 0.9810142064992109 0.08030186090386741
0 0.9594133575154185 0.03207272103593232 0.9485116338210532 -0.00668896321070209 0.9381887627122292 0.0024869222193631105 0.9490904864065943 0.04124860646599752
0 0.23198516679426934 0.04407324012497598 0.23031178763842655 -0.0005502040308326653 0.21827370289486336 0.0008765319387747969 0.21994708205070615 0.04549997609458345
0 0.2645499264606162 0.001313034523845985 0.23728124458786815 -0.0011944304759469325 0.2369075560301994 0.011649383654297797 0.2641762379029475 0.014156848654090714
0 0.2839115521741619 0.017370552358264617 0.28147317563357543 -0.004637358982413415 0.2442468780301459 0.008398112232255506 0.24668525457073237 0.030406023572933538
0 0.2625323192623699 0.09044285986056501 0.2583263992316159 0.02863141289007564 0.2404655510248547 0.032472455515185565 0.24467147105560877 0.09428390248567492
0 0.2691316227593538 0.06405968613326461 0.261751252293699 0.037818368922047804 0.25605920186920716 0.04287796929937401 0.2634395723348619 0.06911928651059081
0 0.2413055201157701 0.18460534489574354 0.22742247029993615 0.1537541230827795 0.2185396714770933 0.16638743696415614 0.23242272129292724 0.19723865877712018
0 0.3223860606291762 0.16379384272360845 0.3199500559983555 0.1508018180258982 0.30605759394535836 0.15903438813137802 0.30849359857617903 0.1720264128290883
0 0.34887321413919187 0.14437569363722233 0.33016514926263346 0.13427927767209558 0.32760805740300025 0.14925414241870555 0.34631612227955866 0.15935055838383227
0 0.3626259628674062 0.12439756453134458 0.337706359059843 0.06532887402452643 0.3077989754735294 0.10520538547294356 0.3327185792810927 0.1642740759797617
0 0.3262428651268785 0.2597106799187127 0.3123026079062678 0.25227587606772034 0.2985814118705525 0.33358666739047815 0.3125216690911632 0.34102147124147053
0 0.3667821642152774 0.28710557793756064 0.3611428271705685 0.2826498054577907 0.3571843507264872 0.2984837112341163 0.36282368777119606 0.3029394837138863
0 0.2938505052857467 0.3637448725903456 0.2777203370838163 0.2834524797629564 0.26424433458331287 0.2920086718267679 0.28037450278524323 0.3723010646541571
0 0.2986278116210664 0.0300421491307949 0.2664239996739247 0.019255687158161283 0.2641566802793234 0.04064988042004062 0.29636049222646504 0.051436342392674236
0 0.4525809823041076 0.0464718512032187 0.4286774241013947 0.016567811311759082 0.4213158619192916 0.035165442087598545 0.44521942012200455 0.06506948197905817
0 0.4309140594740043 0.03468799568855921 0.40645373782731015 0.026405135448408883 0.39943235307344005 0.09193805981786353 0.4238926747201342 0.10022092005801385
0 0.34095758108196755 0.018437526798730876 0.31105019749565427 0.018437526798730872 0.31105019749565427 0.041591630220392806 0.34095758108196755 0.04159163022039281
0 0.37094498105548024 0.02492391414777226 0.35989665498996926 0.0246814268815882 0.35951234109720137 0.08002262744015966 0.37056066716271235 0.08026511470634373
0 0.42447845027587067 0.16107087065263778 0.40530271513971744 0.08436793010802586 0.3906449144877956 0.09594940222806307 0.4098206496239488 0.172652342772675
0 0.40238538953928593 0.1708593893632463 0.34635468459887986 0.1145322256665417 0.3392696365928325 0.13680662220485193 0.3953003415332386 0.19313378590155653
0 0.39850888622138686 0.181835572882653 0.3781377279225209 0.15769197786177458 0.3724605198720172 0.17283119932978414 0.39283167817088316 0.19697479435066256
0 0.35235019446897403 0.13718427942311473 0.34908705489361724 0.11397973133168882 0.3355804945643145 0.11998264703360115 0.3388436341396713 0.14318719512502706
0 0.3658315666609272 0.12729025816738287 0.3524115911742832 0.09617147443023752 0.3433632219443782 0.10850406656581191 0.35678319743102216 0.13962285030295726
0 0.3724736669370249 0.1251216767789913 0.3640985486658335 0.060984018907303254 0.34771086124661893 0.06774719149301084 0.3560859795178103 0.13188484936469888
0 0.24163611316934425 0.6460852623394753 0.23415926727276593 0.6460852623394753 0.23415926727276593 0.670954484533112 0.24163611316934425 0.670954484533112
0 0.2524751639216762 0.617012716023249 0.24072248362088455 0.6159680333298453 0.23861253467026133 0.6909884404631138 0.25036521497105296 0.6920331231565175
0 0.2095221800311636 0.5297179040824442 0.2005786468401388 0.5183610365382856 0.19621117800778698 0.5292311811876943 0.2051547111988118 0.540588048731853
0 0.20353492586075328 0.5094161142979037 0.19103276727805224 0.5010813419094363 0.18360878463129507 0.5362765189014704 0.1961109432139961 0.5446112912899377
0 0.297350674527718 0.5324586175254981 0.2895120457651761 0.5185232775032018 0.2605694164880991 0.5699768406624515 0.26840804525064105 0.5839121806847477
0 0.30805944736023694 0.5671040428900285 0.30555108615622356 0.5581854252757587 0.29291280470523307 0.5694194532321946 0.29542116590924644 0.5783380708464644
0 0.33364955541271957 0.6175714127553916 0.30084790889869845 0.559257374508243 0.29059739436306686 0.5774805114604769 0.323399040877088 0.6357945497076255
0 0.29675132369819307 0.6224221687048831 0.28344974580872767 0.5889218984647485 0.2702779529966598 0.6054512070916575 0.2835795308861252 0.6389514773317919
0 0.30916891481585823 0.6285052949267315 0.3008479088986984 0.6137123955184479 0.290597394363067 0.6319355324706823 0.2989184002802268 0.6467284318789659
0 0.28280504773292764 0.6636860893048504 0.2741379036142784 0.566100466635616 0.2470511226604406 0.5737037735700267 0.2557182667790898 0.6712893962392612
0 0.26548966346520214 0.6566761207564205 0.2516213202699359 0.5827116237150004 0.23425574270368943 0.5930023363468502 0.24812408589895568 0.6669668333882703
0 0.2594686767520804 0.6686413100697975 0.25106361144844147 0.6607550759577413 0.24258707747162297 0.6893076114586039 0.25099214277526194 0.69719384557066
0 0.28212995123632306 0.6656028284201457 0.27382186029720723 0.6495200054664004 0.2504924510343335 0.68760883691599 0.25880054197344937 0.7036916598697353
0 0.2757884245488851 0.6393963095970271 0.2680703900749978 0.6393963095970271 0.2680703900749978 0.6642655317906639 0.2757884245488851 0.6642655317906639
0 0.4578305585955219 0.7590902719790515 0.4442134014315463 0.752719672136256 0.4393084005717653 0.7858556779445546 0.4529255577357409 0.7922262777873501
0 0.526469785259384 0.5323415788162054 0.5081551027854919 0.5307661222593114 0.5058377393980072 0.61590776968097 0.5241524218718994 0.6174832262378639
0 0.3892408154426208 0.6213798279216793 0.37584590645472393 0.6068273342064335 0.36498320653016997 0.6384279158051361 0.3783781155180668 0.652980409520382
0 0.4115486450561699 0.6544207238688924 0.3951960595146211 0.6156590396222581 0.3867834019380839 0.6268759163909744 0.40313598747963264 0.6656376006376087
0 0.43532081721030214 0.6797670056534266 0.4153841795530482 0.6060457499608256 0.40714102197662694 0.6130911837868268 0.4270776596338809 0.6868124394794277
0 0.4077442691440769 0.6041502181822249 0.405635712236773 0.5760361260848407 0.38449748190231364 0.5810466695715274 0.3866060388096175 0.6091607616689116
0 0.44189562385133213 0.5950281452246888 0.43168738200755974 0.5568639992466639 0.3955467170969249 0.5874164805386379 0.4057549589406973 0.625580626516663
0 0.34281330553832007 0.6175184249156308 0.3372943433869558 0.5782724718392627 0.32651179522490736 0.5830647154668398 0.33203075737627163 0.6223106685432079
0 0.34541818201796864 0.5720690929662321 0.33507658674075547 0.5685106945912772 0.33337544524061835 0.5841359942962404 0.34371704051783153 0.5876943926711955
0 0.3530100350006203 0.5862659935136646 0.3371307951691401 0.5839770940784962 0.33631849024367494 0.6017876317035097 0.35219773007515515 0.6040765311386781
0 0.34661856100716065 0.5377491675063845 0.33605127669884777 0.5265496525129589 0.32492271070544126 0.5597359138266298 0.33548999501375415 0.5709354288200554
0 0.3729280458200574 0.4857084430019854 0.3580114599618714 0.46802952642932044 0.33333601320641437 0.5338307177772058 0.3482525990646004 0.5515096343498708
0 0.34731356875747327 0.5145375586922314 0.3268133526814145 0.4844309611699036 0.3185698523070754 0.5021713596363175 0.3390700683831342 0.5322779571586455
0 0.31960642438091763 0.4703450919858551 0.30380715381084245 0.4674394790074504 0.30092140342115736 0.5170316338524087 0.3167206739912326 0.5199372468308133
0 0.325617978732527 0.5136780722065 0.3133173612897691 0.5136780722065 0.3133173612897691 0.5715633307606548 0.325617978732527 0.5715633307606548
0 0.590298329359793 0.33256154558832585 0.5755858261439454 0.33256154558832585 0.5755858261439454 0.38358632905458084 0.590298329359793 0.38358632905458084
0 0.5059107024283929 0.3658045829627816 0.49762516541966084 0.36212212207001193 0.4923899545357189 0.39935028835582126 0.5006754915444509 0.403032749248591
0 0.5925576796542604 0.43083553349442055 0.5885109264436277 0.4074542927218755 0.5741895398396323 0.4152882135992746 0.578236293050265 0.43866945437181964
0 0.40805120961528896 0.3466532577297664 0.40583450534984805 0.3210380084402271 0.3730119465314361 0.33001511854440824 0.37522865079687706 0.3556303678339476
0 0.39113104732468973 0.40360810434220795 0.3797998054577728 0.3551525835659624 0.3678515206503927 0.36398327595793367 0.37918276251730965 0.41243879673417916
0 0.39811925918321295 0.36866477480189025 0.38244200165812936 0.36866477480189025 0.38244200165812936 0.3905325391445709 0.39811925918321295 0.3905325391445709
0 0.4993250788423409 0.33276961289288 0.48997607878300076 0.3264298556934191 0.47819059968220357 0.38135797450554293 0.4875395997415437 0.38769773170500377
0 0.410308558821059 0.4697248501351842 0.3955032907677849 0.4521778657757476 0.392423498165224 0.46039064604924307 0.4072287662184981 0.47793763040867965
0 0.39947718391299364 0.4827260468326495 0.3953340267082615 0.4630844126768814 0.38640013748848767 0.4690403388233971 0.3905432946932198 0.4886819729791651
0 0.4172873557766734 0.4664662846702764 0.40161228978830754 0.429705846229475 0.3912758869364048 0.4436359088542615 0.4069509529247707 0.48039634729506286
0 0.4218988516539127 0.43513630222902344 0.4110603774121856 0.42999806258850104 0.4074695698794694 0.45393677947327604 0.41830804412119654 0.4590750191137985
0 0.4416481712847674 0.4548303589085489 0.43677547710627374 0.401122440852262 0.4233763019549006 0.40496449824333675 0.4282489961333943 0.4586724162996236
0 0.5019883675284487 0.312553783588989 0.4826267465637828 0.226502134857142 0.46736533141336983 0.23735469674188023 0.48672695237803565 0.32340634547372726
0 0.43997199595651826 0.3237877781272551 0.43542526534373405 0.31247147082432575 0.427576858665896 0.3224377015263425 0.43212358927868016 0.33375400882927186
0 0.4588065575010297 0.33779585525593636 0.4414226101418711 0.2971954378942414 0.43200717278476997 0.30993672625807983 0.44939112014392857 0.3505371436197748
0 0.5665653674641965 0.026155561272618238 0.5561942586399105 0.026155561272618238 0.5561942586399105 0.06989108995797967 0.5665653674641965 0.06989108995797967
0 0.5796937612936652 0.23670835474844404 0.5360434633156529 0.20954816933990233 0.5302565489652082 0.23894202000882706 0.5739068469432205 0.26610220541736873
0 0.6210297021316673 0.1531685413477178 0.618154417977256 0.13144417218105456 0.603030708006652 0.13777042994653593 0.6059059921610633 0.15949479911319914