1 0.734612107096309 0.23569961384898036 0.6504748089158784 0.23413744759323693 0.6468314106119465 0.8543248033291886 0.7309687087923771 0.855886969584932
0 0.06506578609142356 0.05938609548459338 0.031683828924894845 0.049944733861736784 0.028880452171407316 0.08127135663086732 0.06226240933793604 0.0907127182537239
0 0.1268892121782873 0.003235909866574798 0.10062377610933956 0.0018209368796954536 0.10021818100639703 0.02561584958565721 0.12648361707534478 0.027030822572536552
0 0.15329316572374463 0.033399577829021615 0.13945690724747822 0.02015461245003145 0.12879261047371102 0.055363719258659516 0.14262886894997742 0.06860868463764969
0 0.15250877763038795 0.013646352073078048 0.13192131518049066 -0.004099070105958015 0.12734213933650398 0.012691241321993126 0.14792960178640127 0.030436663501029186
0 0.14854907228070352 0.12222576206148385 0.13729393858808392 0.1091428716153619 0.12718576280351707 0.1366265391080404 0.13844089649613667 0.14970942955416233
0 0.07164206667182518 0.10765346399981124 0.06296175797690051 0.08141964216626112 0.051124917027271455 0.09379803793057907 0.059805225722196126 0.1200318597641292
0 0.05164250006272536 0.19357624358281564 0.05011321703105449 0.173185803160537 0.030017679672734346 0.1779491897936202 0.031546962704405226 0.19833963021589887
0 0.12661846956088557 0.09654713810774393 0.1219206429031984 0.07341937610066865 0.0846705900008575 0.09733299030957888 0.08936841665854467 0.12046075231665417
0 0.1252713152109649 0.11447100142415338 0.12373098896686119 0.09725846688686714 0.08420084942661242 0.10843870837299807 0.08574117567071615 0.12565124291028432
0 0.10497866821027349 0.057627990738358656 0.06568904896664092 0.034345253408798494 0.061878269445159055 0.05466941085670171 0.10116788868879162 0.07795214818626188
0 0.11023969073272896 0.08556596691021917 0.10913073890325893 0.05139382164655003 0.10019013704450133 0.05231080645257644 0.10129908887397136 0.08648295171624559
0 0.1055856950367042 0.06613831901664503 0.08214344596958467 0.01850962249932268 0.06983215646588391 0.03766051728285716 0.09327440553300344 0.08528921380017951
0 0.22742160833455155 0.015613509987674658 0.20912218764267032 -0.017774906713301633 0.1804082197790214 0.03196324844652322 0.1987076404709026 0.06535166514749952
0 0.21197784684815332 0.12478339337463701 0.2037678696670069 0.09376792402363938 0.18499752237003167 0.10947122110869058 0.19320749955117808 0.1404866904596882
0 0.08828841866049221 0.21181716833890732 0.07092284109424575 0.21181716833890732 0.07092284109424575 0.29585798816568026 0.08828841866049221 0.29585798816568026
0 0.12936316563561764 0.2565070639745872 0.12444277804361209 0.23253930930419578 0.07956952359921052 0.2616541540369786 0.08448991119121606 0.2856219087073701
0 0.1785850887057565 0.22202576521513934 0.16792041076417336 0.20220454560654028 0.13357949065459201 0.26060069960930665 0.1442441685961752 0.2804219192179057
0 0.14352060286424825 0.28599605522682425 0.11288965354600801 0.28599605522682425 0.11288965354600801 0.3100077180344737 0.14352060286424825 0.3100077180344737
0 0.1717141683377947 0.3392576634634493 0.1643990613454137 0.30148229613771466 0.1469504991461287 0.3121611975930148 0.1542656061385097 0.34993656491874947
0 0.18820387868783037 0.33806406338998257 0.17432921875441548 0.25049954292132 0.15846374459649712 0.2584446942993073 0.172338404529912 0.34600921476796986
0 0.2442919819195978 0.3350802852907018 0.24024777542922282 0.3115503566194293 0.19535708338606073 0.3359354239021347 0.19940128987643568 0.3594653525734072
0 0.24694856971288198 0.29342122558255385 0.23589695117404016 0.2817467299924085 0.21907290598627818 0.3320820847005094 0.23012452452512 0.34375658029065476
0 0.1141274830084923 0.3791516569055841 0.06620613058065337 0.3774811958187749 0.0658676137919015 0.4081733846656119 0.11378896621974043 0.40984384575242117
0 0.10237857005426204 0.3386131360913048 0.09661847507239968 0.29679911326000763 0.0882923042132111 0.3004241128177496 0.09405239919507347 0.34223813564904676
0 0.05384101479542158 0.6108849508416689 0.04927261938992217 0.5783985835136726 0.03463105399093006 0.5849059459132246 0.03919944939642948 0.6173923132412209
0 0.1395080261178761 0.5622132628532275 0.12099325591856919 0.544658517775366 0.09251798167018732 0.6395760986033054 0.11103275186949424 0.6571308436811667
0 0.22614569788454442 0.10033832851974776 0.2184556019969879 0.08723668367428106 0.2029883204097968 0.11592961183602674 0.21067841629735332 0.12903125668149343
0 0.24250387794193948 0.09967127250674339 0.2360369521852785 0.0854152939498374 0.21567126853255567 0.11461340671359771 0.22213819428921663 0.1288693852705037
0 0.2691133168622788 0.13777135101088483 0.2543093283240034 0.07197584639632833 0.23846573384905162 0.08324240246740532 0.25326972238732703 0.14903790708196182
0 0.26518436511789045 0.15209598010620662 0.2564347342348202 0.14111605115490272 0.2461410508429728 0.1670408834010369 0.25489068172604307 0.17802081235234077
0 0.18991822596062335 0.4271231392530027 0.1692348347943216 0.34745378068650745 0.15514824534983182 0.3590120079230119 0.17583163651613354 0.43868136648950723
0 0.20196370502758307 0.4202699518316999 0.18472625457375225 0.3925911783431115 0.1762082203947278 0.40935683291769936 0.19344567084855863 0.4370356064062878
0 0.21742024095491636 0.4340638004912175 0.20075709124528213 0.4312425264663059 0.19673981094187948 0.5062317587964874 0.21340296065151373 0.5090530328213991
0 0.1926448493129094 0.5094134525572648 0.19032422408258515 0.4846601167671397 0.15422416080860885 0.495356431811281 0.15654478603893307 0.520109767601406
0 0.21961109548407792 0.4437033613125424 0.2132621314407246 0.40137693435685334 0.1994813567123236 0.4079100423762434 0.20583032075567692 0.45023646933193245
0 0.24363145805542752 0.4408427458868428 0.226354716851286 0.4247543519612931 0.2113237760476033 0.4757684540828827 0.22860051725174482 0.49185684800843255
0 0.24034121069251727 0.41030801857724586 0.2136392034282592 0.40366218565814155 0.2111991206382851 0.43464736394352665 0.23790112790254314 0.44129319686263097
0 0.2591289342394628 0.42529000592563115 0.25881250485814067 0.41178901898921816 0.23094331105165153 0.41385340371562457 0.23125974043297368 0.4273543906520375
0 0.2365056436012171 0.5181414552943874 0.20465571028858418 0.4970587571205405 0.20052175101872563 0.5167967721740873 0.23237168433135855 0.5378794703479342
0 0.23206600148730103 0.49902626142639483 0.2146975048459888 0.4916157028594348 0.2121425843946764 0.5105410395358225 0.22951108103598863 0.5179515981027826
0 0.22555025676336898 0.5471127993260587 0.22236656754289036 0.5216432855622307 0.213045338408067 0.5253257464550005 0.21622902762854557 0.5507952602188285
0 0.23396631935511517 0.6393105222536657 0.2293354986707827 0.6228453820427061 0.2091721336077522 0.6407683732098446 0.21380295429208465 0.6572335134208042
0 0.11585097866350415 0.6653384954225149 0.10254207531463018 0.660268437003896 0.09305806984298283 0.7389505564723766 0.1063669731918568 0.7440206148909954
0 0.09925483764383033 0.7372811331890613 0.09068327935753667 0.701090109313599 0.067392975327512 0.7185237871840268 0.07596453361380566 0.754714811059489
0 0.10839050878766594 0.746452137756485 0.09149296743360284 0.7372090382123822 0.08501086145316913 0.7746612060993328 0.10190840280723223 0.7839043056434356
0 0.12376158335729465 0.7510479880143462 0.11108925175421375 0.7367116128674263 0.07995464393629848 0.8236908347079501 0.09262697553937937 0.8380272098548702
0 0.05675739307950717 0.8383201697190965 0.0361607806883065 0.8205351583844724 0.009357784028030225 0.9186376298207778 0.029954396419230894 0.9364226411554019
0 0.13269040546719343 0.7913501879286751 0.11694221699200405 0.786941246273329 0.10822650901047748 0.8853319052647846 0.12397469748566686 0.8897408469201307
0 0.17759989697698722 0.818547408045768 0.15225879983405063 0.7554762329344591 0.13738333136326442 0.774365716706886 0.162724428506201 0.8374368918181949
0 0.186855468557796 0.7861275217413485 0.15805122616933814 0.7246784713126393 0.14436278592927781 0.744957642038655 0.17316702831773567 0.8064066924673641
0 0.12046055558174162 0.9238177629712337 0.10968261075397018 0.8989797008166988 0.08558905684003676 0.9320222890415218 0.0963670016678082 0.9568603511960568
0 0.18411788339342394 0.9020032224844107 0.1760715806955618 0.8043377552551877 0.15896576042641067 0.8087917959986703 0.1670120631242728 0.9064572632278934
0 0.17020818865116805 0.8859775865881316 0.16522060405392597 0.8794752540761716 0.15847290050377885 0.8958333232886496 0.16346048510102093 0.9023356558006097
0 0.19283229010424996 0.850863971566976 0.18640666234650888 0.8108822877410315 0.16687948904022915 0.8208008519600942 0.17330511679797023 0.8607825357860387
0 0.20367974754158932 0.8467917321387974 0.19081469909832485 0.8379951178186167 0.1801601315336963 0.8872428967840107 0.19302517997696078 0.8960395111041914
0 0.21925381613926756 0.85875999006437 0.1973056556041505 0.85875999006437 0.1973056556041505 0.878483855942082 0.21925381613926756 0.878483855942082
0 0.22310883577548224 0.8869244197328924 0.2227177371708403 0.8737139779760991 0.1959438062891793 0.8762191410995294 0.19633490489382122 0.8894295828563226
0 0.23104566220573974 0.8362563373467968 0.22513881742560665 0.824800638379266 0.2068339696262173 0.8546307607190116 0.2127408144063504 0.8660864596865425
0 0.23295998080841226 0.857503221998699 0.22704670224059562 0.8481587817927664 0.2163878304930374 0.8694765252878827 0.22230110906085404 0.8788209654938153
0 0.24632970954791172 0.8787358271576008 0.24037964503807577 0.8528199906258709 0.2199962395286134 0.8676106703606281 0.22594630403844937 0.8935265068923582
0 0.21603975360707076 0.9192580504908197 0.18788897263297447 0.8875623563570224 0.17412305329428943 0.9262035334480679 0.20227383426838572 0.9578992275818652
0 0.22701044078552424 0.9376040000120587 0.21439145442071844 0.9076923286288154 0.20431941943229548 0.9211217086133795 0.21693840579710127 0.9510333799966227
0 0.24043017322699595 0.8954635317846343 0.22407758768544722 0.8857731107229756 0.21686604922390862 0.9242346491845139 0.23321863476545734 0.9339250702461727
0 0.18765811251179138 0.9522339631370053 0.15871548323471396 0.9522339631370053 0.15871548323471396 0.9715290493217235 0.18765811251179138 0.9715290493217235
0 0.17680462653288734 0.9861075588835106 0.16402163193551147 0.9861075588835106 0.16402163193551147 1 0.17680462653288734 1
0 0.2221150137349016 0.9867852354221556 0.20783585471604626 0.9332556344625819 0.1898422869695059 0.9484254693554267 0.20412144598836124 1.0019550703150004
0 0.15476008841211125 0.9649842882876913 0.15181298904150423 0.9265628446412586 0.14184647038645654 0.9289789703758156 0.1447935697570636 0.9674004140222484
0 0.14260572304497285 0.903887129375296 0.1282057494938776 0.9032044639625033 0.12748436898444898 0.9512964979244143 0.14188434253554422 0.951979163337207
0 0.16538475389490945 0.8579698791694154 0.15820871622396362 0.8499965039794755 0.1454040417544701 0.8864186891371462 0.15258007942541593 0.894392064327086
0 0.18026063538026996 0.9148328667213023 0.1727429492453613 0.900354360091108 0.14958268125942323 0.938360953709058 0.1571003673943319 0.9528394603392523
0 0.2162639725780562 0.8564078478361936 0.20726515761522124 0.8233455350838518 0.1966677057162767 0.8324616227388577 0.20566652067911168 0.8655239354911995
0 0.22050966011077286 0.843102138516771 0.21144013791920596 0.8054804168332341 0.2002622948880588 0.8139968686664891 0.2093318170796257 0.851618590350026
0 0.2633758876931948 0.835909586844986 0.22215554503028123 0.8090996078772373 0.2170230116117859 0.8340399184145184 0.25824335427469947 0.860849897382267
0 0.2574776485039951 0.8967011985741394 0.24438176061713682 0.8800714996701933 0.2230822017966757 0.9330837349566773 0.236178089683534 0.9497134338606235
0 0.2888392157160845 0.8759767917584921 0.285135554822532 0.8549070764529494 0.2554032689934109 0.8714250130246836 0.2591069298869634 0.8924947283302261
0 0.3003830515281733 0.8427835412295348 0.2895989485646595 0.835594139253859 0.27749656830873093 0.8929683863930761 0.28828067127224466 0.9001577883687522
0 0.4356294173109334 0.7883591027924972 0.43024197149509485 0.7664312531561016 0.39549933628941153 0.7934089315789055 0.4008867821052501 0.8153367812153012
0 0.3690360044821714 0.9781170713442522 0.358820375232624 0.9547670616309998 0.3357608919451368 0.9866517792630789 0.3459765211946842 1.0100017889763313
0 0.43395645268738603 0.9582285904212203 0.399527883169987 0.91104869886034 0.37981641343810935 0.9565093858095354 0.41424498295550843 1.0036892773704154
0 0.44331371497023875 0.8723984516659511 0.43521407415011987 0.8223137161599021 0.4147410659772163 0.8327776981149418 0.4228407067973352 0.8828624336209908
0 0.5990142438614159 0.8898982989931697 0.5877216416188379 0.8890126046996342 0.5863287034010404 0.945142855846442 0.5976213056436184 0.9460285501399773
0 0.7423282584328231 0.9425518506091903 0.7310173487195833 0.9213566324078042 0.7110426782493886 0.9550461051096709 0.7223535879626284 0.9762413233110571
0 0.770877121448207 0.8693136336400363 0.7391562728042026 0.8379844004113907 0.7328648915187373 0.8581168205248798 0.7645857401627417 0.8894460537535254
0 0.7636580193630993 0.8330036374714364 0.7438930312950032 0.8179445989433627 0.7374932171488217 0.8444919761423371 0.7572582052169178 0.8595510146704108
0 0.8154737206808336 0.8281308789262218 0.7836812350372138 0.7402109186278159 0.7701381045987161 0.7556887819860988 0.8019305902423358 0.8436087422845048
0 0.9486228696885689 0.9828588425849859 0.9097064460196052 0.9501882646900535 0.9047810252812222 0.9687310251169071 0.9436974489501859 1.0014016030118396
0 0.9258241129038136 0.9444225837034045 0.9114176843958075 0.9339451811521273 0.9084132857991694 0.947001333078259 0.9228197143071754 0.957478735629536
0 0.9575803243278705 0.9833633688483511 0.9427676350876024 0.9800716601282912 0.9414577955831397 0.9987004886362038 0.9562704848234078 1.0019921973562635
0 1 0.8398936835726457 0.983194551238084 0.8398936835726457 0.983194551238084 0.8862018904159695 1 0.8862018904159695
0 0.9856949465808285 0.6349841954254541 0.9653156181678405 0.6241152202718605 0.9539177983355602 0.6916578563150027 0.9742971267485483 0.7025268314685964
0 1 0.6623788906732374 0.9872947570523366 0.6623788906732374 0.9872947570523366 0.6919646894898055 1 0.6919646894898055
0 0.8589824339239601 0.6735271626910747 0.848128947945056 0.6735271626910747 0.848128947945056 0.6889632316388493 0.8589824339239601 0.6889632316388493
0 0.8398870712316265 0.358639451798873 0.8327761547095041 0.33627349213954777 0.8179859044594238 0.3511351928739281 0.8250968209815461 0.3735011525332534
0 0.8117474125476063 0.4079631694124882 0.7906772868332548 0.3480303673805538 0.7792303143551297 0.3607492256895815 0.8003004400694811 0.42068202772151586
0 0.759309770580955 0.448344865895369 0.7544680769616503 0.36931277610954955 0.7369213859810732 0.3727101552213006 0.7417630796003778 0.45174224500712
0 0.774972334593484 0.3725865533719066 0.7626481865578177 0.35505887616562604 0.7525300316072949 0.377543664944566 0.7648541796429612 0.39507134215084655
0 0.9164966331284082 0.37265573733737806 0.9035837677586347 0.3573516006028338 0.8810975711664458 0.4173147915153456 0.8940104365362194 0.4326189282498899
0 0.9167114778123846 0.3658037134232821 0.9057979092697384 0.3037176346028931 0.8862693594087637 0.3145668289701009 0.8971829279514099 0.3766529077904899
0 0.9834619904348371 0.2843091889893183 0.9715487898521978 0.27704780958656705 0.9666651175636626 0.3023705547863801 0.9785783181463018 0.3096319341891313
0 1 0.2859103005967573 0.9991129973404765 0.2275962623496087 0.9805937663491392 0.22848654866887078 0.9814807690086627 0.2868005869160194
0 0.9670207289950113 0.23435584646231605 0.9645804680951793 0.21700288006351054 0.9443773778547097 0.22598203128149694 0.9468176387545417 0.24333499768030245
0 0.9788863479351433 0.24969611681705167 0.9702046655216405 0.22103278440421853 0.9489324968247612 0.24139588606277051 0.957614179238264 0.27005921847560366
0 0.9979370400608404 0.22607583109986903 0.9671040138264764 0.18621090829180226 0.9570705690104229 0.2107371067310441 0.9879035952447869 0.25060202953911087
0 0.9238621612200753 0.0900437355286855 0.9079437151176827 0.0900437355286855 0.9079437151176827 0.1234885515821972 0.9238621612200753 0.1234885515821972
0 0.9622379205004037 0.16016725159951925 0.903844973587941 0.13500126774499005 0.8995759566879222 0.16630739167846095 0.9579689036003849 0.19147337553299015
0 1.0000309227404152 0.12090472594179924 0.9993087693747621 0.08111107941534969 0.984152977150809 0.0819803386054781 0.9848751305164621 0.12177398513192765
0 0.29267960817545624 0.12019532056736927 0.2799779612047466 0.06600162682567544 0.27043888161460927 0.07306761170725871 0.2831405285853189 0.12726130544895253
0 0.28605191732916685 0.13130553521600588 0.27811124724545583 0.1101304149927767 0.27265667480477584 0.11659509344099003 0.28059734488848687 0.13777021366421924
0 0.32031375659615147 0.04238744533058907 0.30975548543587356 0.015274847783209002 0.2893750506532649 0.04035845982334285 0.2999333218135428 0.06747105737072293
0 0.33569965831984583 0.052311122545236295 0.30603346331084147 0.05231112254523629 0.30603346331084147 0.07160620872995457 0.33569965831984583 0.07160620872995457
0 0.3234101045732948 0.07054016013544728 0.3058630823892563 0.061181748303959976 0.29777109498357796 0.109134266263535 0.31531811716761643 0.11849267809502233
0 0.34377709332025624 0.13298932718555717 0.3129570740908996 0.11411682158338321 0.30825774318029225 0.13837143273490526 0.3390777624096489 0.15724393833707923
0 0.34582957856682295 0.09733299030957894 0.3161633835578186 0.09733299030957894 0.3161633835578186 0.12649000943315322 0.34582957856682295 0.12649000943315325
0 0.3812801410074961 0.11092826367881159 0.3514143416586498 0.08817336893683336 0.3458877964992768 0.11109829700534342 0.37575359584812307 0.13385319174732166
0 0.3801259188195698 0.1797357416242614 0.37651568886657144 0.1332038888967273 0.3689172636638116 0.13506710427211668 0.37252749361681 0.18159895699965078
0 0.41739838025247183 0.13422990907721044 0.37292337336494324 0.1319044185209999 0.37254272484103124 0.15491250707745918 0.4170177317285598 0.1572379976336697
0 0.288331525458402 0.302275777192165 0.2863342232938758 0.29073580913045777 0.27321617213234634 0.2979114952359097 0.2752134742968726 0.3094514632976169
0 0.2879301324492969 0.25030645136881624 0.2797864710742764 0.1923959704797792 0.26900392291222786 0.1971882141073561 0.27714758428724834 0.25509869499639315
0 0.32420205696389315 0.30645641328309053 0.31495744067127374 0.28728239430580554 0.3026624982538642 0.3060175446561436 0.31190711454648357 0.3251915636334286
0 0.3467943328760589 0.23068347483063198 0.3383527326702446 0.23068347483063198 0.3383527326702446 0.2568390361032501 0.3467943328760589 0.2568390361032501
0 0.3557864397933804 0.23386263313167394 0.34446599283696466 0.20942484287655458 0.33665446670836785 0.22086132557463112 0.3479749136647836 0.2452991158297505
0 0.3681788167361167 0.2201615102295271 0.36746771693065744 0.2068876471942872 0.34793632013985665 0.21019455035463439 0.3486474199453159 0.22346841338987428
0 0.39168480757323637 0.18340302906212938 0.35598404581693444 0.17902592417246785 0.35503755904491485 0.20342424985119567 0.3907383208012168 0.20780135474085717
0 0.46178569991872026 0.27796439885877927 0.46019258817262665 0.16656458490971335 0.44335501850023495 0.16732560500790053 0.44494813024632857 0.27872541895696645
0 0.46337612869982325 0.32503263052801246 0.45471945023974814 0.30418213617256273 0.4409724979192633 0.32222046514335767 0.4496291763793384 0.34307095949880745
0 0.20439943728970872 0.7926623183361323 0.1961848380978321 0.734247390749456 0.1833025305568584 0.7399728607676666 0.19151712974873503 0.798387788354343
0 0.18934177138044891 0.7703872217870185 0.17663086235786427 0.7616564963977684 0.17352576267381226 0.775944013898243 0.1862366716963969 0.784674739287493
0 0.213510519473171 0.7692047471116434 0.21309023748776362 0.7176501569016724 0.1979579587723912 0.7180400384788802 0.19837824075779859 0.7695946286888511
0 0.29280371585088993 0.7032792601350384 0.27702461809712176 0.6889113012047778 0.2574378778646302 0.7568949075143779 0.27321697561839836 0.7712628664446384
0 0.2742631088302001 0.7102780180326345 0.2704972402851827 0.7027462809425997 0.260931202298259 0.7178629829466272 0.2646970708432764 0.725394720036662
0 0.28144541564750103 0.760559209183071 0.2662761713731051 0.7463657642479634 0.25414872837522623 0.787329571707465 0.2693179726496221 0.8015230166425725
0 0.3077773698566568 0.7599578307559549 0.2999466990928587 0.7438949163686766 0.2879729717523419 0.7623433259007322 0.29580364251614 0.7784062402880104
0 0.38420269004927093 0.9142869603070594 0.3460948948344523 0.8465397688140486 0.32462911145395323 0.8847011614904914 0.36273690666877184 0.9524483529835024
0 0.7437684587330656 0.11831680882362651 0.7191598026605556 0.11284821858529094 0.7180466246114372 0.12868008417275212 0.7426552806839473 0.1341486744110877
0 0.6319205005932051 0.05447864535920734 0.622478818822869 -0.003958759507399545 0.6116395293070099 0.0015761968411242616 0.621081211077346 0.060013601707731144
0 0.6430703724098186 0.0008575593859876181 0.626910737730117 0.0008575593859876164 0.626910737730117 0.049309664694280185 0.6430703724098186 0.049309664694280185
0 0.5307938480325687 0.3061834706441793 0.5181164549203942 0.23293631044049729 0.5029645973772321 0.24122450601966205 0.5156419904894065 0.31447166622334405
0 0.5543605015719887 0.29059288882931994 0.5458309642298188 0.22741113073916816 0.5307247507644753 0.2338564484843809 0.5392542881066452 0.29703820657453267
0 0.5260456923646811 0.24491896456361933 0.5123703000312623 0.1719835387853842 0.49746484595356744 0.18081640046105507 0.5111402382869862 0.2537518262392902
0 0.5324578274488503 0.20766552393811397 0.5232280130264697 0.17074626624859107 0.5101814515301788 0.18105466051726518 0.5194112659525594 0.21797391820678808
0 0.5429564358240097 0.16880926650267652 0.523006716290588 0.15667610374550786 0.5186913397616748 0.17910130827182646 0.5386410592950964 0.19123447102899516
0 0.43945193982127845 0.5019567047599595 0.4072091448888269 0.4955877576128084 0.4045531292143146 0.5380840084050049 0.4367959241467661 0.544452955552156
0 0.4868115649663193 0.375377279310061 0.44037551559292504 0.3619758220594422 0.4376322816408281 0.3920172818726278 0.48406833101422236 0.4054187391232467
0 0.4682810339875738 0.417674304179329 0.44519928713910456 0.4039962319728285 0.4305591404964495 0.4820770140669884 0.45364088734491875 0.49575508627348885
0 0.4876002390300233 0.42003259249079544 0.4702346614637767 0.4045965235430198 0.45885056061479235 0.44507332656162846 0.476216138181039 0.4605093955094042
0 0.4811535254631288 0.45716709045071724 0.4651101999958351 0.45512984277233076 0.46182783159093466 0.5368243452942951 0.47787115705822836 0.5388615929726818
0 0.4838126018351767 0.736417127353598 0.47684900523111173 0.7185352990369869 0.45671940656890453 0.7433101896981654 0.4636830031729695 0.7611920180147765
0 0.5567960339749639 0.7375483171740566 0.5280794425710885 0.6783747348872832 0.5135692145451596 0.7006300737331527 0.5422858059490349 0.7598036560199259
0 0.5612051592546916 0.8283979521484165 0.5468544389048073 0.8174640699770767 0.5363003594356666 0.8612439551824033 0.5506510797855507 0.8721778373537431
0 0.5788659849069545 0.6452276767828524 0.540034623960209 0.5761941462108602 0.5262868750535971 0.6006345887115034 0.5651182360003427 0.6696681192834956
0 0.6531173355629873 0.5658142474028678 0.6243155604150584 0.5565045827085877 0.6217030057456475 0.5820495616983828 0.6505047808935764 0.5913592263926629
0 0.5844133221850609 0.47242946050637535 0.5610180301860901 0.47242946050637535 0.5610180301860901 0.4977274623930059 0.5844133221850609 0.4977274623930059
0 0.6823968101338569 0.1360187596265935 0.6740935974953963 0.11830523933121137 0.6550199296537363 0.14656252502256026 0.6633231422921969 0.16427604531794238
0 0.6619313662625247 0.3771546336596747 0.6561428404071091 0.3771546336596747 0.6561428404071091 0.39130436352846815 0.6619313662625247 0.39130436352846815
0 0.644788424306102 0.5080973552893011 0.6435713496390658 0.4907878489136768 0.6035266246187813 0.4996866766959624 0.6047436992858174 0.5169961830715867
0 0.6291297197485036 0.5435211545412458 0.6192409880788354 0.5435211545412458 0.6192409880788354 0.5726781736648201 0.6291297197485036 0.5726781736648201
0 0.3479638947237626 0.6054081381379327 0.33876534628397176 0.582365309723103 0.32375473732482035 0.6013034256859032 0.3329532857646112 0.624346254100733
0 0.37376016792379163 0.5687783859721056 0.36942852535220927 0.5474882211758316 0.3172917232941492 0.5810135407025275 0.32162336586573154 0.6023037054988015
0 0.34096086787039787 0.5533333105382628 0.3191515759803048 0.5351341735415411 0.30990664494651843 0.5701487915632248 0.3317159368366115 0.5883479285599464