1 0.9390998923875087 0.5432750074550166 0.3011889913395946 0.4082674093496383 0.2853898597960407 0.644201107066711 0.9233007608439547 0.7792087051720893
0 0.24206108820405706 0.0048031086333724105 0.2392034946709085 -0.008320654259606129 0.21665792858276461 0.007194574016105805 0.21951552211591316 0.020318336909084342
0 0.2567644515472702 0.1612913321772191 0.2542111379583455 0.08336798413003572 0.24171174668855777 0.08466241947189078 0.24426506027748252 0.16258576751907416
0 0.18704342881081024 0.266065599196493 0.1541254990345877 0.21951499143213785 0.14392400811835537 0.2423145139877809 0.17684193789457792 0.2888651217521361
0 0.22509337495829645 0.2384824358941987 0.17786795270916053 0.237283060091046 0.1775917743178408 0.27165192656639 0.2248171965669767 0.2728513023695427
0 0.22637869186655807 0.26473228113198893 0.21951731117459347 0.2535798147374306 0.20961324381503868 0.2728377234921205 0.21647462450700328 0.2839901898866788
0 0.1953480018032374 0.23126722676274655 0.19076971879279533 0.22160196262959111 0.18266664258689935 0.23373288373315468 0.1872449255973414 0.24339814786631012
0 0.1843382832912344 0.36702281625268857 0.14954779473838262 0.3611577530483764 0.14770977328004492 0.39561601392387896 0.1825002618328967 0.40148107712819114
0 0.17560607891030805 0.3636222376515233 0.1573242374998154 0.35262923497331855 0.15469536157644337 0.3664467084256314 0.172977202986936 0.3774397111038361
0 0.13718216705256833 0.47038847440185205 0.10438052053854724 0.4266529457164906 0.09448214132578675 0.45011577051710805 0.12728378783980784 0.4938512992024695
0 0.197253105279173 0.6002723575101521 0.17955450411350776 0.5706960284510849 0.16638911114743604 0.5955951168029936 0.18408771231310128 0.6251714458620607
0 0.24961355340584493 0.6286052632796272 0.24579456746803974 0.6031453570275923 0.205232853616036 0.6223746139648383 0.20905183955384118 0.6478345202168732
0 0.2352502938402014 0.6692368225911407 0.21939569177297907 0.65232524705277 0.19841228554709753 0.7144983025368619 0.21426688761431986 0.7314098780752327
0 0.10731697042037885 0.747478757890987 0.0910687596162961 0.7339577881438542 0.07789106837569681 0.7840063932596655 0.09413927917977957 0.7975273630067982
0 0.06288958986585565 0.8677940810217035 0.051092841629159086 0.8656968813351796 0.04899617261057213 0.90297099722117 0.06079292084726869 0.9050681969076939
0 0.08334870420702482 0.8997424148809015 0.07956085047709281 0.8546248682310443 0.056513387199985235 0.8607402813725655 0.060301240929917246 0.9058578280224224
0 0.007007868107366494 0.9496612849790428 6.565502713231464e-17 0.9496612849790428 6.702850144155904e-17 0.9895377964274606 0.007007868107366495 0.9895377964274606
0 0.01641422262241666 0.9646685742338236 0.0004957765200240757 0.9646685742338236 0.000495776520024077 1 0.01641422262241666 1
0 0.1231467661870835 0.8271738788632822 0.09059250887958367 0.8020779715583856 0.0830816549166333 0.8328707696649938 0.11563591222413314 0.8579666769698905
0 0.16290357106264633 0.9244347803238804 0.15766777380435124 0.8994193045342487 0.13745766055151445 0.9127882683397429 0.14269345780980955 0.9378037441293746
0 0.17358462352661175 0.9277424524931516 0.16128509007745956 0.8919619915501639 0.1480852999386217 0.9063025042935929 0.1603848333877739 0.9420829652365804
0 0.24038259630215678 0.8837466861464984 0.2202664777686538 0.867491236826496 0.20320155993576516 0.9342340265729051 0.22331767846926814 0.9504894758929073
0 0.19718506131549607 0.8992796710522786 0.18886405539833623 0.8844867716439945 0.1724632321413257 0.9136437907675687 0.18078423805848554 0.9284366901758528
0 0.1862770955277818 0.8798371713283916 0.17847632561543011 0.8708807317993953 0.16403330354200915 0.9106378678294573 0.17183407345436083 0.9195943073584536
0 0.22254312932291237 0.8758446430041724 0.22193849451014122 0.8575712353293116 0.20661220794927967 0.8591739842507089 0.20721684276205082 0.8774473919255698
0 0.3082268465609236 0.8988763634202547 0.2924624268272087 0.8646228094309478 0.2588787084412203 0.9134718543560216 0.27464312817493525 0.9477254083453283
0 0.46893224903470115 0.9728153884007047 0.4551845001280894 0.9728153884007047 0.4551845001280894 1 0.46893224903470115 1
0 0.4875328784537192 0.8716455591141643 0.475947509895395 0.8628186116411557 0.4601039154204437 0.9285401887224383 0.47168928397876786 0.9373671361954466
0 0.4994426040642874 0.8225281060063978 0.46820868330277365 0.7670011357637098 0.45844054592176053 0.7843667133299563 0.4896744666832743 0.8398936835726443
0 0.49908082119832337 0.775147949930591 0.47930335785898714 0.775147949930591 0.4793033578589872 0.8124517832210463 0.4990808211983234 0.8124517832210463
0 0.5289302436891352 0.8157305876224397 0.5027220780577752 0.7814715475814462 0.490798072312657 0.8103011436940876 0.517006237944017 0.844560183735081
0 0.5323648448669624 0.7074007584375801 0.5181347188057327 0.7074007584375801 0.5181347188057327 0.8073064269051214 0.5323648448669624 0.8073064269051214
0 0.5965756151656356 0.729786294485008 0.5894400738595889 0.7261618925517778 0.5856629697243728 0.7496638738375666 0.5927985110304196 0.7532882757707969
0 0.6707106069229994 0.785009882869447 0.6567216694390787 0.785009882869447 0.6567216694390787 0.8141669019930213 0.6707106069229994 0.8141669019930213
0 0.6774328327643923 0.7624814665534414 0.6671652383509684 0.7512485427507211 0.6576336313987748 0.7787842961681686 0.6679012258121987 0.7900172199708889
0 0.6723024750868107 0.9680988117777736 0.6262354568207958 0.9680988117777736 0.6262354568207958 1 0.6723024750868107 1
0 0.6863310600080976 0.9567625815383535 0.6263841347109185 0.9167979646735621 0.6194656568905751 0.9495966743403711 0.6794125821877541 0.9895612912051625
0 0.6815129199210356 0.9406114830943886 0.6585296210494753 0.935282022486491 0.6569103401178025 0.9573522218515147 0.6798936389893627 0.9626816824594123
0 0.7359206005939254 0.9522999292436192 0.7332935003980054 0.9149367264572109 0.7056570000318938 0.9210781709830148 0.7082841002278137 0.9584413737694231
0 0.7004859366751484 0.908432358302381 0.6918330735441781 0.8720387442664305 0.6405701704265052 0.910559322095976 0.6492230335574753 0.9469529361319265
0 0.9154023341094732 0.8791274022651341 0.9118491473796094 0.8493483134815135 0.8797674636047085 0.8614464568579072 0.8833206503345723 0.8912255456415278
0 0.9462416236816742 0.7090099434030506 0.9322810613244956 0.6800547029585321 0.9102137252570612 0.7136811198231939 0.9241742876142398 0.7426363602677124
0 0.9250798694030742 0.6985846296279768 0.9241857068725629 0.6842780291397955 0.9084084443276196 0.6873945254449696 0.9093026068581309 0.7017011259331509
0 0.7689756015655735 0.6152201536192212 0.7504475741349199 0.5877712240923265 0.7438247730366814 0.601899866435235 0.7623528004673352 0.6293487959621297
0 0.790991373980559 0.6035074388251964 0.7564772885676438 0.5830546474693961 0.7532453616317037 0.6002915911277443 0.7877594470446189 0.6207443824835447
0 0.8023877837419149 0.6632868481994478 0.7726569137092152 0.6040529308929197 0.7603840731562408 0.6235216420607146 0.7901149431889405 0.6827555593672427
0 0.8107447184621643 0.5547551877318087 0.8076234545205185 0.532559533035662 0.7862286089568752 0.5420683532861703 0.7893498728985209 0.5642640079823171
0 0.9039703144567364 0.6176965501765229 0.8706024441152991 0.6035725838944331 0.8682190248051964 0.6213687814098664 0.9015868951466337 0.6354927476919561
0 0.8770466326117841 0.5594555551366738 0.8522695812312543 0.529616525517111 0.8439315441663388 0.5514983582377359 0.8687085955468685 0.5813373878572987
0 0.7975021003495394 0.505947088205867 0.7947143244540775 0.4795148426785245 0.7546096698482554 0.4928830608804652 0.7573974457437173 0.5193153064078077
0 0.7850056108880499 0.5214215780115735 0.7681605400233913 0.5039055294814463 0.7637656619048719 0.5172634386015336 0.7806107327695306 0.5347794871316608
0 1 0.4698567823484129 0.9877771342069546 0.4698567823484129 0.9877771342069546 0.5020152593229433 1 0.5020152593229433
0 1 0.43812708506687614 0.9889830770934995 0.43812708506687614 0.9889830770934995 0.4681416635764379 1 0.4681416635764379
0 0.912563404021524 0.5299848885274577 0.8892979827949501 0.4679437652565943 0.8774426365718395 0.4819945459654662 0.9007080577984133 0.5440356692363296
0 0.9173609831430183 0.5316553831684878 0.9032389008336151 0.4613587956727901 0.8925894974970493 0.4681203216007682 0.9067115798064525 0.5384169090964659
0 0.9416451805547411 0.4658493413715864 0.9363483083376861 0.41876603277554325 0.9241961146348109 0.42308681275878796 0.9294929868518659 0.4701701213548311
0 0.8189196028324871 0.40686215993431457 0.7971730196119823 0.3888205501513771 0.7893537563556478 0.4186082196993183 0.8111003395761526 0.43664982948225567
0 0.8077099396167808 0.36707132791841546 0.8029628131166062 0.33858856891736727 0.7841163437686229 0.34851592725704555 0.7888634702687976 0.3769986862580938
0 0.8056618261024445 0.28552296429416457 0.8034306076093836 0.2551122826109635 0.7809113053503044 0.2603341498014746 0.7831425238433654 0.29074483148467567
0 0.8627222562598991 0.2660146301594637 0.85719006529518 0.24506179095009242 0.8413544300148941 0.25827610791867556 0.8468866209796133 0.2792289471280468
0 0.8023939186619253 0.1315042096076916 0.7998628573565182 0.1112557191644344 0.780326582594491 0.11897375363832181 0.7828576438998981 0.13922224408157902
0 0.9440255262831059 0.10710916730983645 0.910741502614467 0.07752336849326823 0.9028305172787323 0.10565131635365758 0.9361145409473712 0.1352371151702258
0 0.910032499211736 0.003511139372816885 0.8969719102140611 -0.003122810594256157 0.887451787502167 0.05611350850197318 0.900512376499842 0.06274745846904622
0 0.7588090531482254 0.02969157205648454 0.7489107251160649 0.01759361557273278 0.7376861797874548 0.046618702483078124 0.7475845078196153 0.058716658966829885
0 0.7399558474684069 0.24453305891433016 0.731996624417211 0.20208386930794978 0.7162952480343967 0.21138838864591333 0.7242544710855925 0.2538375782522937
0 0.8011936272471568 1.7325037647531742e-16 0.7903401412682528 1.7206889319854805e-16 0.7903401412682528 0.009433153245862443 0.8011936272471568 0.009433153245862445
0 0.6653077839230187 0.17644003506631467 0.6630517754837355 0.1463599225425399 0.6477273484101738 0.14999237933034718 0.649983356849457 0.18007249185412197
0 0.6904654572699227 0.1336047167284035 0.6762758850402759 0.11153204881561961 0.6637106004861347 0.1370615158462557 0.6779001727157816 0.15913418375903957
0 0.5580031847465134 0.057499356830461 0.5460643501697197 -0.006174427579109625 0.5326060275558788 0.001800874710573355 0.5445448621326726 0.06547465912014398
0 0.6060720682041932 1.2992932299377358e-16 0.5872593591740929 1.2788141864737332e-16 0.5872593591740929 0.01629362833376223 0.6060720682041932 0.01629362833376223
0 0.4513393772730436 0.021073089601580115 0.4408914244969239 0.019246125181712165 0.43870666813201065 0.0587335735549594 0.4491546209081303 0.06056053797482735
0 0.5266262424289906 0.22418770210895347 0.5140712671110995 0.09119796355647922 0.49856595610612464 0.0958242568167049 0.5111209314240157 0.22881399536917918
0 0.531016398163447 0.2194275613129488 0.527249412920283 0.15989989327282428 0.5155401745366236 0.16224174094955612 0.5193071597797876 0.22176940898968064
0 0.5577566841206214 0.15611764041489126 0.5288375854364523 0.09185297667229314 0.5153369077553765 0.11105394048537859 0.5442560064395457 0.1753186042279767
0 0.5517367386105186 0.11055143396734556 0.5191773720248353 0.08987882026214852 0.5141571572935169 0.11486833359137642 0.5467165238792002 0.13554094729657346
0 0.5506332496290681 0.08256221368095228 0.5382376047918733 0.08064597873027479 0.5369090313153645 0.10780792536112022 0.5493046761525593 0.10972416031179771
0 0.2780499250944375 0.09145618628207648 0.2536473160961174 0.08061058228282308 0.25102261687246086 0.09927511009549177 0.275425225870781 0.11012071409474516
0 0.286578338453792 0.5727943127402632 0.28234608761086977 0.47548389335929525 0.2673156583410943 0.47754993174689314 0.2715479091840165 0.574860351127861
0 0.3138250523080385 0.5183285745816585 0.2967568088567697 0.5050532741195606 0.2817612056059168 0.5659877889166773 0.29882944905718556 0.5792630893787754
0 0.2963637016617104 0.5565439741492352 0.28314675789173904 0.5493693821112524 0.2667987464611548 0.6445511375515425 0.28001569023112616 0.6517257295895252
0 0.3085497181899081 0.5761350254480857 0.2963206977693251 0.5533833595493265 0.2881427613799547 0.5672757551934915 0.3003717818005377 0.5900274210922507
0 0.3271459472930743 0.5086380590781052 0.3056667388286175 0.43921031454652787 0.2917416862269782 0.4528259215347974 0.313220894691435 0.5222536660663748
0 0.3333559824729881 0.4571678657712562 0.31820601307898694 0.4549234258610338 0.3147179272402495 0.5293359237540991 0.32986789663425065 0.5315803636643214
0 0.3164412760728373 0.6832041276585769 0.30813614657146177 0.6668345970471701 0.29051317165559193 0.6950927877619418 0.29881830115696745 0.7114623183733486
0 0.3371057985865531 0.6927504951208816 0.3183145037808524 0.6299005147537926 0.3033580035648237 0.6440335840269971 0.3221492983705244 0.7068835643940861
0 0.3388868889060466 0.7793207084063104 0.33003350332433895 0.7667292266901041 0.3108560701041617 0.8093457449571648 0.3197094556858694 0.8219372266733712
0 0.5066058930335776 0.6375096684795988 0.5021197854956301 0.6215590639002334 0.48890265145909845 0.6333076274882641 0.493388758997046 0.6492582320676296
0 0.4642533911586605 0.6203791581584378 0.45840638408674755 0.5895598460289005 0.4018268117619386 0.623485270065867 0.40767381883385156 0.6543045821954042
0 0.44644975125922126 0.6467383267949578 0.43901372189111043 0.6236040132052801 0.4116629372242724 0.6513889373112749 0.4190989665923832 0.6745232509009527
0 0.4444359903413455 0.7087123198514431 0.4248784342342614 0.6507640054600835 0.40806617163948866 0.6686970855611747 0.42762372774657265 0.7266453999525343
0 0.5176485441518994 0.6488646430340153 0.516180348183477 0.6292886967883841 0.5069224984256345 0.6314831500643171 0.5083906943940569 0.6510590963099482
0 0.534435897184921 0.6428430624014068 0.5203430349321637 0.6215544226978195 0.47710090593810683 0.7120262390663377 0.4911937681908642 0.7333148787699248
0 0.5684172559916378 0.6387409848563932 0.5353360263879388 0.5779249869990877 0.521354945405569 0.6019608380652374 0.5544361750092681 0.6627768359225429
0 0.41400267708460836 0.4945172072797197 0.40597345608668517 0.48983715132464606 0.3977200192577329 0.5345891199082983 0.4057492402556561 0.5392691758633718
0 0.43002294429471905 0.4820475817187183 0.42164266982520743 0.4153292613044426 0.40528476592178153 0.42182301387883386 0.41366504039129315 0.4885413342931096
0 0.44797536566065776 0.43558356375656715 0.4317619332226496 0.4308719680053511 0.4270041437474169 0.4826168156314117 0.44321757618542507 0.48732841138262767
0 0.46068358202555487 0.46822742474916357 0.45537743332475733 0.42920847268673334 0.4402929245896125 0.4356916803482364 0.44559907329041004 0.47471063241066663
0 0.48988187509243397 0.49862904835293737 0.4897768190673731 0.4678126143350828 0.4442216244714751 0.4683034447145673 0.444326680496536 0.49911987873242186
0 0.47684321670525653 0.373895892290541 0.4628542792213358 0.373895892290541 0.4628542792213358 0.39190463939627806 0.47684321670525653 0.39190463939627806
0 0.4937326245635469 0.32448002396386605 0.460418065093377 0.314179870311253 0.4575415040796002 0.3435847162298603 0.49085606354977007 0.3538848698824733
0 0.526093935968536 0.3475688269919164 0.49715130669145874 0.33041763927216616 0.49174868255973747 0.3592316346413453 0.5206913118368147 0.37638282236109544
0 0.5514499492253951 0.24212433378429088 0.5067307494796364 0.22224913389728698 0.5019495406235701 0.2562488413182023 0.5466687403693289 0.2761240412052062
0 0.4575076226163363 0.1756384542713994 0.4377263009074864 0.16924449169884184 0.4302359478028555 0.2424834998330103 0.45001726951170545 0.24887746240556785
0 0.5522715793953432 0.15056684806266948 0.5360772135605091 0.14533230557060192 0.5267615459505272 0.23641883331264799 0.5429559117853613 0.24165337580471555
0 0.5880236313577865 0.2750059951076413 0.5745417571539948 0.2699461312089342 0.5666688785302503 0.33624405646152017 0.5801507527340419 0.3413039203602273
0 0.6335533784540457 0.48616556501961244 0.6140383850370749 0.4283433623026626 0.6020144250800538 0.4411689195901519 0.6215294184970246 0.4989911223071018
0 0.6702407050396216 0.527604556627185 0.6428200588538387 0.5067126357237314 0.6369442060997424 0.5310865434444273 0.6643648522855253 0.5519784643478809
0 0.6160954686630425 0.4432678328213388 0.6150995892469148 0.417301199156379 0.5880204982422279 0.4205835132175532 0.5890163776583557 0.446550146882513
0 0.6633633456347954 0.4034016695449659 0.6623440293851913 0.37682394214788356 0.6410266792833754 0.37940786337234617 0.6420459955329795 0.40598559076942853
0 0.6379089604089784 0.3115513275463148 0.6256083429662205 0.3115513275463148 0.6256083429662205 0.34413858421383897 0.6379089604089784 0.34413858421383897
0 0.6552745379752248 0.31112254785332105 0.6352558860585796 0.31112254785332105 0.6352558860585796 0.34113712636288285 0.6552745379752248 0.34113712636288285
0 0.7219798132961441 0.7044539755564847 0.6940310472945295 0.6624113873831158 0.684919109180746 0.6815556613999535 0.7128678751823607 0.7235982495733224
0 0.778153056209719 0.7861101975277757 0.7446070646401873 0.7650617322292459 0.7390857015165603 0.7928730427778857 0.7726316930860919 0.8139215080764157