1 0.7918897182219324 0.4034542535900105 0.7856075087668748 0.12674588804352419 0.5211702870601648 0.14572027071442573 0.5274524965152224 0.4224286362609121
1 0.8325551573097131 0.8602325073699354 0.7975609147545797 0.5804960913581151 0.5843099517328905 0.6648088965064863 0.6193041942880239 0.9445453125183066
0 0.24847178458867109 0.12858078475031723 0.24082205130481812 0.11303846950693355 0.21999018834432588 0.14544358966769944 0.22763992162817887 0.16098590491108314
0 0.22570943430363025 0.14042848686783752 0.2241322963139586 0.13281817021926323 0.2120499251204242 0.1407317700653209 0.21362706311009586 0.14834208671389518
0 0.24881223490765225 0.25836162256188505 0.2424346020282673 0.2368193959470737 0.2257444571156128 0.2524359058068674 0.23212208999499775 0.2739781324216788
0 0.06755001050573739 0.3664826173220391 0.05864031874712014 0.3513318371334726 0.051956561844634805 0.36375417319465747 0.060866253603252055 0.378904953383224
0 0.006525490952748501 0.4364977274676269 3.0393657294892245e-17 0.4364977274676269 3.1442223703025064e-17 0.46694108567018233 0.006525490952748503 0.46694108567018233
0 0.8792422744179138 0.954806641294968 0.872488994253263 0.9367978941892312 0.8616355082743586 0.949661284979043 0.8683887884390095 0.9676700320847798
0 0.8929707282383414 0.9443272655982007 0.8730581992957125 0.8971271969934498 0.8593972782769319 0.9153417583518235 0.8793098072195609 0.9625418269565746
0 0.9836436610027284 0.99311588903796 0.9709188843378065 0.9403316302797649 0.951852511459157 0.9548583905682597 0.9645772881240788 1.0076426493264548
0 1.0015321611673154 0.999016235341094 0.992505340467785 0.9428493509884631 0.9718632388324359 0.9533342280095931 0.9808900595319662 1.0095011123622242
0 0.930592687745358 0.8488252454795345 0.9096001800637294 0.8381623844348974 0.9040209876905065 0.872877359201617 0.9250134953721351 0.883540220246254
0 0.929546790457573 0.8299262048632058 0.8782997836696604 0.7778657535231055 0.8703591135859495 0.8025700604502066 0.9216061203738621 0.8546305117903069
0 0.8922947265779696 0.7842998835773076 0.891465903985621 0.7548306358493587 0.8495195414381691 0.7585592014091324 0.8503483640305177 0.7880284491370811
0 1 0.06174427579109872 0.9901890199800444 0.06174427579109872 0.9901890199800444 0.07160620872995473 1 0.07160620872995473
0 0.9896073298818285 0.11133138616908046 0.9726390040899734 0.10378990803936716 0.9701703680633992 0.12134465311722847 0.9871386938552543 0.12888613124694176
0 0.8622657751540952 0.08657161108930131 0.8537693737059007 0.058989090445887134 0.8446952977410986 0.06782311149098527 0.8531916991892932 0.09540563213439945
0 0.4062205538672141 0.17099307745845932 0.4001708514308453 0.1613135535602691 0.39227958759203985 0.17690123521716852 0.39832929002840867 0.18658075911535876
0 0.34504036975818514 0.6006398984366778 0.3394567298694734 0.5885863266134268 0.329125902024078 0.6037111987530905 0.33470954191278973 0.6157647705763414