1 0.8159182031092574 0.4401386413418145 0.8130497585858857 0.2902861259840954 0.5151508472311682 0.30830826271353673 0.51801929175454 0.4581607780712559
1 0.8304308080125353 0.7939757668913145 0.8014682986879493 0.6169826543521771 0.4277211784881273 0.810274094293903 0.45668368781271335 0.9872672068330404
0 0.10633514525844662 0.7696636611164623 0.1039329611774282 0.7598085469379252 0.09332652991522511 0.7679794273176965 0.09572871399624353 0.7778345414962335
0 0.922851130230688 0.7169853565709229 0.9182386438190676 0.6824124854495881 0.8605087668187054 0.7067544278884874 0.8651212532303257 0.7413272990098222
0 0.893472400479144 0.12091587342423475 0.8835836688094759 0.12091587342423475 0.8835836688094759 0.141926078380928 0.893472400479144 0.141926078380928
0 0.7172859529445396 0.24537412693723015 0.7144992972282469 0.2057416900832857 0.7031894082492042 0.20825499874529496 0.7059760639654968 0.24788743559923937
0 0.3493509435723201 0.15967755767086853 0.34708377094561566 0.1475859703284451 0.3365920678326751 0.15380327587685438 0.33885924045937954 0.16589486321927782
0 0.3963344813763055 0.5815968069814708 0.3835997244943912 0.5702770230864367 0.38060898613576016 0.5809107594726811 0.39334374301767444 0.5922305433677152
0 0.794458259388994 0.8405967656521552 0.7849852493304408 0.819124609519435 0.7692939832329069 0.8410034990671947 0.77876699329146 0.862475655199915
0 0.8016500184705093 0.9342515920056597 0.7922450911068042 0.8941239019205178 0.7771229954549348 0.9053254542552358 0.7865279228186398 0.9454531443403776
0 0.6785974498474312 0.9423291522288496 0.6722300714064738 0.9083698005437457 0.6624619340254603 0.9141583263991614 0.6688293124664176 0.9481176780842654