1 0.8208853183956945 0.5213485017767581 0.7678930821635535 0.30564411367832633 0.5094195450898118 0.5063334510811265 0.5624117813219528 0.7220378391795583
0 0.017849335318517012 0.31023745826086896 1.3877787807814457e-17 0.29800188663064897 -0.0025098311753762384 0.3095735886154365 0.01533950414314076 0.32180916024565653
0 0.17579163450818958 0.22622416602349693 0.17366917502787058 0.21867764342680715 0.16440753365920585 0.22691021353228694 0.16652999313952482 0.23445673612897672
0 0.02750889717862967 0.5981476717262668 0.022323342766486703 0.5889289083269014 0.015570062601835244 0.600934739730726 0.02075561701397821 0.6101535031300914
0 0.19591527439378092 0.7135146314764642 0.18348696888068283 0.7079909401373101 0.18022382930532638 0.731195488228736 0.19265213481842447 0.7367191795678901
0 0.17021972771585953 0.9580038815717812 0.16566535925980624 0.9148217213958686 0.15459798907083577 0.918510844792192 0.15915235752688908 0.9616930049681047
0 0.32397922339390006 0.9904273726773705 0.3181297423552474 0.9796697063993887 0.307658201898138 0.997665242592347 0.31350768293679065 1.0084229088703287
0 0.7172040689675057 0.8498937366957935 0.7049213805871319 0.8441974174469244 0.6988741639744611 0.8854080788073474 0.711156852354835 0.8911043980562164
0 0.859705999655887 0.9316525378733057 0.8515055880273817 0.9316525378733057 0.8515055880273817 0.9505188443650303 0.859705999655887 0.9505188443650303
0 0.8649676212347199 0.7689405392981735 0.8635130685838716 0.7482535682638911 0.8554388171342665 0.7500478463638038 0.8568933697851149 0.7707348173980862
0 0.8378219277691016 0.5085678479781458 0.8363718609473089 0.48966327311625535 0.8258026154621503 0.4922255144459908 0.827252682283943 0.5111300893078812
0 0.972761971342767 0.2136939332606307 0.9692696461198205 0.19851740883498672 0.9430300364383544 0.2176007613305982 0.9465223616613008 0.23277728575624212
0 1 0.08489837921276065 0.9860888141657917 0.08489837921276065 0.9860888141657917 0.10762370294142884 1 0.10762370294142884
0 1 0.05831403824714879 0.9868123798977186 0.05831403824714879 0.9868123798977186 0.08661349798473561 1 0.08661349798473561
0 0.7664968868516047 0.05046041532891938 0.7573070954756902 0.038083591927014285 0.7491982904771897 0.05711225432349535 0.7583880818531041 0.06948907772540044
0 0.8631791151691363 0.23617185490095194 0.8537393653126125 0.23407413271061334 0.8519582804340231 0.25940511765055113 0.8613980302905468 0.26150283984088973
0 0.5982025220703117 0.04525552860827774 0.5951537900537658 0.021769000480812057 0.5680444649626378 0.03289077487717153 0.5710931969791837 0.056377303004637204
0 0.6370406579770941 0.03987651144841791 0.6249812291116451 0.03987651144841791 0.6249812291116451 0.05574136008918629 0.6370406579770941 0.05574136008918629
0 0.6531038172258721 0.04253494554497905 0.6428774215479715 0.006174427579109872 0.6350629116431605 0.013120658605608466 0.645289307321061 0.049481176571477645
0 0.7529792163072995 0.062028957390545134 0.7507867726004498 0.019154502678818686 0.734324663721336 0.0218150455279684 0.7365171074281857 0.06468950023969484
0 0.4934901765789874 0.20556195961321702 0.4840338520548262 0.20467715731855865 0.4837346982669485 0.21478190748687243 0.4931910227911097 0.2156667097815308
0 0.5278160282989153 0.5956521791471698 0.5258479295080736 0.5711602830833674 0.5155154108561567 0.5737844148044897 0.5174835096469985 0.5982763108682921
0 0.5143983537804581 0.5179755328892464 0.5124787231924562 0.4889677817816629 0.5003460322676883 0.4915053380535098 0.5022656628556901 0.5205130891610933
0 0.48251598970874265 0.10280421919217891 0.47180721687622396 0.07742046136694967 0.46543983843526693 0.08591029928822576 0.4761486112677856 0.11129405711345501
0 0.6721509020636283 0.32500323162601835 0.6711515309851063 0.3138991085313288 0.6594025242355387 0.3172410482289835 0.6604018953140607 0.3283451713236731
0 0.6994784851060915 0.39283529958826985 0.6792324833009993 0.3895632184884569 0.6777220892594905 0.41909981307795996 0.6979680910645827 0.422371894177773
0 0.7104579137998865 0.37284391426441243 0.6869225448802616 0.34572497065332186 0.6752620877014985 0.37770793891507176 0.6987974566211235 0.40482688252616233
0 0.7466228413003912 0.3407836876939529 0.7299487639326723 0.3362232562771407 0.7255460267815638 0.3870993300232823 0.7422201041492827 0.39165976144009446
0 0.7548770122093845 0.40307249181537025 0.7546015578915344 0.3447986005723813 0.744196728308664 0.34495404153720477 0.7444721826265142 0.40322793278019364
0 0.8598588117918029 0.39314621371893543 0.8447834585038976 0.362516924499064 0.8349310118414351 0.3778429526406721 0.8500063651293406 0.40847224186054354