1 1.0734627628064413 0.7741372925629254 0.8586680596490925 -0.0786772325655127 0.569009064895307 0.1518970916166048 0.7838037680526557 1.004711616745043
0 0.02305576806153853 0.5152204931937429 0.012548117734972969 0.5067842434691884 -0.004150572141090075 0.5725187686955951 0.006357078185475484 0.5809550184201496
0 0.08087211271553374 0.6914311399957058 0.06143198964137327 0.6863111075811124 0.06009039841403315 0.702410202309194 0.07953052148819362 0.7075302347237877
0 0.2591451001599366 0.8478550794939075 0.25818686446089817 0.8376338987041648 0.24860450747051438 0.8404731155902044 0.2495627431695528 0.8506942963799471
0 0.37624347288646764 0.7992882466461384 0.37108203733205547 0.7717605903559401 0.3401857805787753 0.7900694832467728 0.3453472161331875 0.8175971395369711
0 1.0048626473710356 0.7540686323963758 0.9893448599594631 0.7264814547758012 0.982712174083466 0.738272896333129 0.9982299614950386 0.7658600739537035
0 0.9844747059945702 0.4310687116591333 0.9746230802598727 0.41939271078838036 0.9713206520474881 0.4281991860214057 0.9811722777821856 0.43987518689215865
0 0.9892102297559772 0.17557998786258378 0.9667232619596746 0.1742014764267951 0.9663935611847546 0.1911993830448925 0.9888805289810572 0.1925778944806812
0 0.9671821909993938 0.07767742562190133 0.9467601351791077 0.04590978323479019 0.9362417519138101 0.06728046669444293 0.9566638077340961 0.09904810908155406
0 0.9241515875128462 0.029414286939370687 0.9187489633811249 0.02461195437784072 0.9127674866638623 0.04587942715033044 0.9181701107955836 0.05068175971186041
0 0.0538727190830737 0.054789129543260456 0.02936939243191104 0.04495266866537436 0.025023222028917564 0.07917013723497378 0.04952654868008022 0.08900659811285988
0 0.0163834704434341 0.19835194978190054 0.014011302704998917 0.1802782908223945 -0.0011309685658851022 0.18655952927550198 0.0012411991725500802 0.20463318823500803
0 0.1655188214059766 0.12510658815953185 0.14838078023341786 0.11640155137347032 0.14564124205341777 0.1334475667156931 0.1627792832259765 0.14215260350175465
0 0.1912277034559642 0.20084040819826768 0.18177311122545228 0.19243632621559037 0.17868589743589736 0.2034130863562301 0.18814048966640928 0.21181716833890743
0 0.4945427476862385 0.008179797220188492 0.4461195025495899 -0.009037356606175736 0.43971872876715923 0.04785841034876269 0.48814197390380787 0.06507556417512692
0 0.5042304304948116 0.029366812451762165 0.48134244490180933 -0.014535288568733465 0.4682545107623702 0.00702965440356741 0.4911424963553725 0.050931755424063044
0 0.5908395212198954 0.8601341452854459 0.5868493209274886 0.8408798454617684 0.578354776887631 0.8464435234293943 0.5823449771800377 0.8656978232530719
0 0.936606556973564 0.9771088428229745 0.9300407190746633 0.9747387686757784 0.927225406469704 0.9993883640466596 0.9337912443686046 1.0017584381938558
0 0.9419513045182487 0.991252915199436 0.9359215900855242 0.991252915199436 0.9359215900855242 1.0000000000000004 0.9419513045182487 1.0000000000000004
0 0.014073628760619211 0.8726844581582238 0 0.8591887697573637 -0.005240359725173838 0.8764601519700082 0.008833269035445374 0.8899558403708683
0 0.18580096046651212 0.658905775159988 0.17972300831832594 0.6264900303696612 0.15866724551925215 0.6389675194357788 0.16474519766743834 0.6713832642261057
0 0.21684193036617772 0.3716662457381641 0.19995872995454922 0.3716662457381641 0.19995872995454922 0.3943915694668323 0.21684193036617772 0.3943915694668323
0 0.2555267868455393 0.3950262089063297 0.24144892306918897 0.39039152124333376 0.2377095404846506 0.42628959405490247 0.25178740426100094 0.43092428171789837
0 0.031765677872577974 0.6057546452304934 0.01665541119972569 0.5994340108052478 0.011834802782428794 0.6358563855137128 0.02694506945528108 0.6421770199389584