1 0.5503749538424784 0.8827759350422729 0.30209422211185566 -3.7500866609560844e-15 0.13447298034777602 0.14899665934583428 0.3827537120783987 1.0317725943881109
2 0.32648731928165314 0.00041686618792649257 0.2953320551078913 -0.013589076326970324 0.2602339207579928 0.2331614439511037 0.29138918493175464 0.24716738646600048
2 0.4627099808215388 0.003005768034108785 0.43141865490450376 -0.0009325699377501002 0.4112748510564084 0.5049007266922017 0.4425661769734434 0.5088390646640605
0 0.11277099176568638 0.750837905059663 0.09861787760369307 0.710136138842166 0.08588870480555885 0.7241253711698126 0.10004181896755215 0.7648271373873095
0 0.22441525022158143 0.7850098828694468 0.20897918127380682 0.7850098828694468 0.20897918127380682 0.8317468694057645 0.22441525022158143 0.8317468694057645
0 0.24292397745224276 0.8188024527822684 0.23931783313518745 0.7837309315811034 0.19945582142521312 0.7966848947652289 0.20306196574226837 0.8317564159663938
0 0.5966810144629264 0.1789851935051378 0.5951527024535394 0.16630586424207425 0.5855169246576342 0.16997663673575245 0.5870452366670214 0.182655965998816
0 0.41186700808982474 0.004716576622931224 0.4014958992655387 0.004716576622931224 0.4014958992655387 0.035159934825486724 0.41186700808982474 0.035159934825486724
0 0.43307832645756666 0.026934445485579155 0.4287634849369014 0.00136501425200761 0.42192612068107815 0.005011608521780052 0.4262409622017434 0.030581039755351598
0 0.39340047560597935 0.25832210939431116 0.3887696549216474 0.22127554391965176 0.3802400918229322 0.22464524785988457 0.3848709125072642 0.26169181333454394
0 0.47791557233751425 0.2878101231587207 0.4700676670912298 0.2785089021260875 0.45270208952498375 0.32481710896941174 0.4605499947712682 0.3341183300020449
0 0.4851642167340234 0.31116542320555673 0.4810881297775016 0.2894262927707742 0.46734038087088986 0.29757310693765526 0.47141646782741164 0.3193122373724378
0 0.4850739575035459 0.3608468443140717 0.48375711760104245 0.30934377257171436 0.46952351046756285 0.31049396304714705 0.47084035037006633 0.3619970347895044
0 0.1797193517663319 0.1464930886471076 0.17426597778975084 0.13512666932427203 0.15386144830450166 0.16606687089667604 0.15931482228108268 0.1774332902195116
0 0.19348122684324381 0.15774724199690582 0.18528991667048605 0.13153504944408104 0.17701669339600073 0.1397061341596221 0.18520800356875847 0.16591832671244688