1 0.5473954918392524 0.46688963210702344 0.14517977277570743 0.46688963210702333 0.14517977277570743 0.8408026755852839 0.5473954918392524 0.840802675585284
0 0.46983543511891374 0.9269951032769946 0.4644710684856624 0.9231804425600159 0.460096406704127 0.9426233838112833 0.46546077333737834 0.9464380445282623
0 0.6168772988024565 0.9719578290147172 0.6081945100193332 0.9719578290147172 0.6081945100193332 0.983963660418542 0.6168772988024565 0.983963660418542
0 0.49527274855999365 0.9163620922174912 0.4923420798092959 0.8981268199909272 0.48444201622045835 0.9021395507027177 0.48737268497115616 0.9203748229292815
0 0.4977301416118212 0.8969213827408128 0.49121805002447877 0.8969213827408128 0.49121805002447877 0.9123574516885875 0.4977301416118212 0.9123574516885875
0 0.9950294252212107 0.8978528696600768 0.9572459870586362 0.869065488202874 0.950122607180527 0.8986143232528049 0.9879060453431016 0.9274017047100078
0 0.9524188887734584 0.5426635742187497 0.9403594599080094 0.49978560491937557 0.930326015091956 0.5087042225336452 0.942385443957405 0.5515821918330194
0 0.5804800930781759 0.5264293258491951 0.5750626265724667 0.5119827485006367 0.5649883652279455 0.5239226137978467 0.5704058317336548 0.5383691911464051
0 0.314967088214366 0.6209244594863481 0.30859970977340884 0.6058314142929687 0.30149911805743257 0.6152988699142707 0.3078664964983897 0.63039191510765
0 0.39477230679306025 0.5406977999440217 0.38497633996081887 0.5290877651798832 0.37814884792622605 0.5472944106054635 0.3879448147584674 0.5589044453696019
0 0.427369537789162 0.47528160702182704 0.40781625780451514 0.4728563940004757 0.4070969758309581 0.49118476428963387 0.42665025581560495 0.4936099773109853