1 0.7263423052368784 0.7017827606094091 0.0755719960753914 -0.17689445007276797 -0.08165874188901184 0.19114194397724246 0.5691115672724751 1.0698191546594193
0 0.16131180733162823 0.4541029172152522 0.13071141584218726 0.4046477390504993 0.12119483487325385 0.4232579418341913 0.15179522636269482 0.4727131199989442
0 0.16472664469995307 0.5374258705876914 0.15404013542841666 0.5089285125302614 0.11585812834365691 0.5541812616677547 0.12654463761519333 0.5826786197251849
0 0.06756884822685733 0.9437374827903295 0.057540206387538984 0.9276916558474196 0.022904999528398584 0.9961068792728796 0.032933641367716926 1.0121527062157893
0 0.8990679754727126 0.6226738911020167 0.8861885054444129 0.5768802198902854 0.8713312890821798 0.5900866344344928 0.8842107591104795 0.6358803056462241
0 0.8438457714859484 0.2843252929748144 0.819294437685393 0.28068805833769495 0.8181716632737822 0.3046405791187245 0.8427229970743376 0.308277813755844
0 0.017378976931652523 0.32021266949359756 2.217644074440114e-17 0.32021266949359756 2.371236900420133e-17 0.3648057575649465 0.017378976931652527 0.3648057575649465
0 0.15575294924611854 0.1770356185658886 0.14235676942470754 0.1695507688878939 0.1331656210622191 0.22154110305954564 0.1465618008836301 0.22902595273754034
0 0.532943697452504 0.44044250064316937 0.505834101362975 0.41634508189692104 0.4990808211983236 0.4403567447045703 0.5261904172878527 0.46445416345081864
0 0.2965693234737606 0.8414389886048208 0.2942816139978992 0.8007685979228405 0.2837027486763271 0.80264928509112 0.2859904581521885 0.8433196757731003
0 0.3267274476602466 0.8137381223000274 0.3188238835115062 0.7926619512367199 0.2995659032617585 0.8154862241253098 0.3074694674104989 0.8365623951886173
0 0.1376377358520886 0.6781868216556437 0.129599539549915 0.6618552482163068 0.09242661687369222 0.7196797946015421 0.10046481317586581 0.736011368040879