1 0.647209448160535 0.6120401337792649 0.027531495434219167 -0.07649092480553209 -0.1103931409943255 0.3158280410356608 0.5092848117319904 1.0043590996204577
0 0.14226143215374554 0.668961398236024 0.14154784663881068 0.6537382405840807 0.12863344585103886 0.655651485145232 0.12934703136597372 0.6708746427971753
0 0.3789158305462651 0.9255895930143745 0.3774638753108651 0.9075208167516179 0.36618589743589725 0.910385065100816 0.3676378526712972 0.9284538413635725
0 0.47616417809529443 0.9198512013999858 0.4739526643710459 0.8883985617662298 0.46504723997809894 0.8903775449646625 0.4672587537023475 0.9218301845984185
0 0.8602405256920854 0.3518149048165891 0.8436571813495436 0.3469013213076882 0.8427967248034683 0.3560795244658245 0.8593800691460102 0.3609931079747255
0 0.4452490584235551 0.45150129374527775 0.4391936915641111 0.4305376845008867 0.43337505199037263 0.43584959570333864 0.43943041884981665 0.45681320494772976
0 0.3067522082154187 0.7529628572103321 0.30187055141068503 0.6922133503069791 0.2867094374410426 0.6960637919500627 0.2915910942457763 0.7568132988534158
0 0.43206907200496125 0.3092739462978431 0.41967015884013026 0.2941922273605048 0.41537518187288097 0.3053518256343834 0.42777409503771197 0.3204335445717217
0 0.41944885962052836 0.30608817504500396 0.4156820615454969 0.2949272918597258 0.4056443604604321 0.3056341730171282 0.4094111585354635 0.3167950562024064
0 0.44693584489572924 0.2826515814726649 0.4417744093413174 0.264299810612532 0.4318374399561875 0.273132672288202 0.43699887551059935 0.2914844431483348
0 0.479618262339458 0.2963854759410822 0.4643141645000221 0.2777699651188446 0.45723869280190893 0.2961540967105234 0.4725427906413448 0.31476960753276106