1 0.7027069397993311 0.9983277591973244 0.2687457635216015 -0.06850745013096365 0.11160832675361546 0.13350965724264408 0.5455695030313451 1.2003448665709322
0 0.08901198439241914 0.21953520281279465 0.06971689820770086 0.21953520281279465 0.06971689820770086 0.29199897092873667 0.08901198439241914 0.29199897092873667
0 0.1056494100999445 0.770009021050377 0.09386927635625758 0.7529710875001858 0.06981262318151266 0.8055393296227763 0.08159275692519957 0.8225772631729676
0 0.245688093044921 0.8609038885293383 0.23169915556100013 0.8360346663357016 0.2086656464279928 0.8769831270166042 0.22265458391191367 0.901852349210241
0 0.338591223040325 0.803026338374159 0.3298271347367605 0.8015424715714391 0.32800385749166516 0.8355769801465514 0.3367679457952297 0.8370608469492713
0 0.37616816630457844 0.8258874138930311 0.3742249047184399 0.7919686662077047 0.33694822262407254 0.798718353500512 0.3388914842102111 0.8326371011858384
0 0.30443223132042574 0.9744440487278548 0.2984384481994526 0.9569066832998221 0.26466767239322503 0.9933848208795444 0.2706614555141982 1.0109221863075772
0 0.29809428153766104 0.9671365055186878 0.2973869063192282 0.9193493796512252 0.28593203456589916 0.9198852800841296 0.286639409784332 0.9676724059515922
0 0.43673357396395235 0.8816997036395349 0.4222622593254134 0.8559729220599109 0.4163531391813437 0.8664780245382574 0.43082445381988266 0.8922048061178813
0 0.633844226718569 0.815875548618687 0.6325773040785159 0.8038632450685527 0.6196022687648675 0.8081882568397687 0.6208691914049206 0.820200560389903
0 0.6624016647320083 0.9282777545159782 0.6295354041880382 0.8455034687015358 0.6173389490176978 0.8608088242094142 0.6502052095616679 0.9435831100238564
0 0.8487560382460595 0.8614184241609313 0.8446558324318068 0.8468399145991441 0.831631649257122 0.858416966309975 0.8357318550713746 0.8729954758717622
0 0.9571461848887144 0.9603807773038864 0.9485698028308756 0.9349692749102867 0.9365813117822813 0.9477569986954523 0.9451576938401202 0.9731685010890518
0 0.8689884285483421 0.7064413342626494 0.8422524748736053 0.7039397245620892 0.8411931106804525 0.7397226928641358 0.8679290643551894 0.7422243025646961
0 0.8586330834588888 0.6462421868662924 0.824660304780821 0.623012936488127 0.8209119359118181 0.6403387303715187 0.8548847145898859 0.6635679807496841
0 0.7744629765679508 0.6557251650895162 0.7726615702552461 0.6249811640193528 0.765110886893824 0.6263794387159123 0.7669122932065288 0.6571234397860758
0 0.8946690156306548 0.5747941237706713 0.8781429342174729 0.5421500123372248 0.868788548511898 0.5571170294661442 0.88531462992508 0.5897611408995905
0 0.9647752482079788 0.45601530894718106 0.9636120853814043 0.4348198974407149 0.9278681372012366 0.44101938980800703 0.9290313000278111 0.4622148013144732
0 0.9779394777654224 0.19258766006131603 0.9713252357218081 0.18250881504247493 0.9611612653227402 0.2035896425368376 0.9677755073663546 0.2136684875556787
0 0.7057337731964615 0.5866389212054703 0.6907075113888932 0.5632647361714752 0.6851196202792038 0.5746179117594156 0.7001458820867721 0.5979920967934107
0 0.6451372200948252 0.38288047601142544 0.64260659532983 0.3468893682425968 0.6179682545093437 0.3523645550915926 0.6204988792743389 0.3883556628604212
0 0.6593350421656107 0.34090507826490524 0.651106255410363 0.3372478397070171 0.6458284818363073 0.37477867401141 0.6540572685915549 0.37843591256929815
0 0.6509972097014491 0.36281493722109165 0.6485803849131243 0.3262940293086284 0.6404079610376172 0.3280032944329175 0.6428247858259419 0.36452420234538074
0 0.7073446140751789 0.27748079408481324 0.7045978390297017 0.26915070505800653 0.6932705135449342 0.2809554274022855 0.6960172885904115 0.2892855164290922
0 0.45950603193093137 0.13844035170023766 0.44839716981134725 0.1340516654307723 0.44528158089505004 0.1589763767611495 0.45639044301463416 0.16336506303061488
0 0.1905447294689022 0.6045427849131574 0.18654570520415475 0.5935555667312251 0.16308452754504094 0.6205435880907287 0.16708355180978834 0.631530806272661
0 0.11331564634935819 0.4863981975473035 0.09591094085251671 0.46612605014868347 0.09061542692259887 0.4804951639702149 0.10802013241944035 0.5007673113688349