1 0.6234593558464148 0.403051608530808 0.005381695686297577 0.12264446696129884 -0.0657856510608236 0.6184252598042931 0.5522920090992937 0.8988324013738023
0 0.006525490952748532 0.8696510047346652 5.990711171195179e-17 0.8696510047346652 6.145780851271159e-17 0.9146728724990079 0.006525490952748533 0.9146728724990079
0 0.0324561623286634 0.4609691216444147 0.00019571174989657658 0.41598722976988145 -0.014405864750861405 0.44908413650493295 0.017854585827905417 0.4940660283794662
0 0.1433907320918511 0.17250136879671227 0.13181368038102023 0.15878041862091244 0.12914205306313614 0.16590475813526992 0.140719104773967 0.17962570831106975
0 0.144466147463787 0.05994567778685927 0.14369135583933426 0.039284567801452966 0.11577324441277284 0.042593381007563956 0.11654803603722558 0.06325449099297026
0 0.19887556405871593 0.02747391331510338 0.193163978450813 0.006037838934825827 0.1713915254312921 0.024372536214422407 0.17710311103919502 0.045808610594699956
0 0.21984966275585793 0.03847007652544707 0.21518422069150048 -0.005074049408556109 0.19795005659516635 0.0007618580103083571 0.20261549865952383 0.04430598394431154
0 0.21974684515534393 0.09220251278426263 0.21092710386775504 0.07988287416032892 0.20716927931466655 0.08838542668448872 0.21598902060225544 0.10070506530842242
0 0.08666426233342897 0.13459315754008064 0.057248548804031525 0.09923906052822268 0.037888313791895833 0.1501493081527277 0.06730402732129327 0.18550340516458563
0 0.30839711725686253 0.9615813604442685 0.3003414187747426 0.9329388769522873 0.274293052425373 0.9560929803739495 0.28234875090749295 0.9847354638659307
0 0.3599150120910428 0.7777206280885532 0.3535958713655476 0.7552525721756812 0.34404480370411206 0.7637424100969573 0.3503639444296073 0.7862104660098292
0 0.741392954876703 0.9384816388373276 0.6982543188981126 0.9220478727502461 0.6949682715984836 0.9493098947916141 0.738106907577074 0.9657436608786953
0 0.8952333881221455 0.7939839850659973 0.8899101045704865 0.7473938794514768 0.8800549074439237 0.7509527006360689 0.8853781909955828 0.7975428062505894
0 0.9995953744950945 0.8272875501303756 0.9803002883103763 0.8272875501303756 0.9803002883103763 0.8697367397367557 0.9995953744950945 0.8697367397367557
0 0.9433197713999649 0.6341612184395984 0.9210903478777706 0.6202133448570448 0.9170561906277656 0.6405335443385511 0.9392856141499599 0.6544814179211048
0 0.7599712636335256 0.6523106694678761 0.7558254275478902 0.6080884178877649 0.7440919291923184 0.6115650099931195 0.7482377652779538 0.6557872615732305
0 0.7707527207704681 0.6152263800877198 0.7512884028215601 0.5767783446330886 0.7408280142476625 0.5935149663513255 0.7602923321965704 0.6319630018059565
0 0.7852993235560674 0.5882428712863663 0.7772195062162167 0.5738787515710758 0.7529800541966639 0.6169711107169463 0.7610598715365146 0.6313352304322367
0 0.8418677065925364 0.30988551253607344 0.8142473801642349 0.2721538853217387 0.7998764123407783 0.3054017865266913 0.8274967387690798 0.343133413741026
0 0.8081696375973091 0.22435530280686825 0.8048215060372172 0.20008850312346838 0.7570677065423193 0.2209119628612856 0.7604158381024111 0.24517876254468549
0 0.9384586586128857 0.18587118621379176 0.902453086568485 0.16935250083141437 0.8977902642777974 0.20147416550059513 0.9337958363221981 0.21799285088297254
0 0.9849366075943986 0.15391191487678904 0.9733020705231727 0.11845427808829129 0.9522174400757266 0.14031982077453165 0.9638519771469526 0.17577745756302943
0 1 0.026155561272618328 0.9892242656708085 0.026155561272618328 0.9892242656708085 0.08232570105479822 1 0.08232570105479822
0 0.8280978636275187 0.027070585978285204 0.824109549421296 0.01111732915339451 0.8018431194233383 0.02871055779375631 0.805831433629561 0.044663814618647005
0 0.33188888174256054 0.2451762285356035 0.32368847011405516 0.21601920941202934 0.3141374024526196 0.2245090473333055 0.322337814081125 0.25366606645687967
0 0.3600453526287529 0.28436314211263725 0.33946907272136945 0.1363415316161104 0.3236490540819658 0.1432918335470872 0.3442253339893493 0.29131344404361403
0 0.40825015654775343 0.1841082160186899 0.38001820553861143 0.13614875356365358 0.3708625028594533 0.15318261901325 0.3990944538685953 0.20114208146828633
0 0.39593799522586093 0.08815005652798659 0.39475914475484936 0.06824058190645811 0.380132544319961 0.07097772350830858 0.3813113947909726 0.09088719812983706
0 0.460442393448246 0.17957293550756145 0.43656472429465715 0.17957293550756145 0.43656472429465715 0.19929680138527348 0.460442393448246 0.19929680138527348
0 0.5633455275110338 0.36806828185261037 0.540160857616208 0.34968764265671237 0.5332394251106056 0.3772801547329183 0.5564240950054314 0.39566079392881637
0 0.5176810535316259 0.24721079168701715 0.49773514394294277 0.2040428327704472 0.49174822992035766 0.21278562785104768 0.5116941395090407 0.25595358676761765
0 0.5280429446951274 0.24939946623380937 0.5054281280923927 0.18507287678602907 0.49506514922015066 0.1965872977551866 0.5176799658228854 0.2609138872029669
0 0.5188931976319527 0.0007984173593675622 0.5073959876570584 -0.0009048730072830851 0.504681368635209 0.05700699945885067 0.5161785786101033 0.05871028982550132
0 0.5625407893050216 0.042843203378321974 0.529256765636383 0.03298127043946367 0.5270208823386262 0.056830692282197205 0.5603049060072648 0.06669262522105551
0 0.5635154626541042 0.045708799354974024 0.5568457282234486 0.03131064248879648 0.5527708845070161 0.03727642675337734 0.5594406189376717 0.051674583619554876
0 0.5639459802768497 0.036365372075601074 0.5597711425254673 -0.0032182747523191602 0.5490387059080053 0.0003592041201683216 0.5532135436593877 0.039942850948088554
0 0.6567748211837664 0.055240374252465814 0.6564719565253576 0.038549166411270853 0.6441841255872179 0.03925384488801003 0.6444869902456267 0.05594505272920499
0 0.6612854883791826 0.40684647090710097 0.6362822430282953 0.37403797965302676 0.625167122761492 0.40080988223113345 0.6501703681123793 0.43361837348520765
0 0.7509338153485122 0.3957196224169506 0.7427725153811922 0.30866575609887026 0.7177410522226387 0.3160824859236268 0.7259023521899588 0.40313635224170713
0 0.7685391885512897 0.403735250165834 0.7674137505888452 0.3906532362434026 0.7299995111666616 0.4008259967660355 0.7311249491291061 0.4139080106884669
0 0.8985813425512121 0.21131644574440422 0.8872163425425786 0.18245295365898695 0.8782486598694799 0.19361273654106587 0.8896136598781135 0.2224762286264831
0 0.9369628862088573 0.1368303855593547 0.9296251049183726 0.11625951151423546 0.902052451319281 0.14734412912188363 0.9093902326097657 0.16791500316700286
0 1.0005401836539864 0.003996909634384199 0.9927807814608669 -0.019347616621838506 0.9643323486867595 0.010537605686314776 0.972091750879879 0.03388213194253748
0 0.5431567446889526 0.5515843358732162 0.5356389368368455 0.551123474089179 0.534998440804942 0.5841446028451007 0.5425162486570491 0.584605464629138
0 0.8317281246880455 0.8930623655038692 0.8141213585444901 0.8930623655038692 0.8141213585444901 0.9719578290147172 0.8317281246880455 0.9719578290147172
0 0.6107993584310563 0.44918962208262303 0.6035637011117868 0.44918962208262303 0.6035637011117868 0.4659120301093789 0.6107993584310563 0.4659120301093789
0 0.6123860609497995 0.474015313342961 0.5988280797055374 0.4722936649309913 0.5975095005290819 0.5051116355449995 0.611067481773344 0.5068332839569691