1 0.4515340486807876 0.15514678558156816 1.0687500807776332e-17 0.15514678558156814 3.1115346467815504e-17 0.7482348512602044 0.4515340486807876 0.7482348512602044
0 0.015861865228920802 0.502950263751071 0.0002513394542050795 0.48552456056069043 -0.006988247236765999 0.5060218265828637 0.008622278537949724 0.5234475297732442
0 0.13550690631565088 0.5218675732076019 0.12456060036420151 0.5117144778323445 0.11463925627174713 0.5455205391844111 0.1255855622231965 0.5556736345596685
0 0.046291797262374715 0.5223134189895805 0.03687699658983952 0.4970253553474087 -0.0005286217235178359 0.5410390005570506 0.00888617894901736 0.5663270641992224
0 0.004113605179658723 0.5368321756281619 3.828005816732784e-17 0.5368321756281619 3.9904597672885736e-17 0.5839979418574733 0.004113605179658725 0.5839979418574733
0 0.18366062107588793 0.5155866152563868 0.18079131393788278 0.4907192867270092 0.1437712259474204 0.5042194897548702 0.14664053308542552 0.529086818284248
0 0.12271344982947754 0.5431154472831855 0.11891009149498974 0.5093078176432946 0.10889148905292448 0.5128699874004733 0.11269484738741228 0.5466776170403643
0 0.017137788354343576 0.7477917845810818 5.182281022729683e-17 0.7477917845810818 5.480605550113951e-17 0.8344052825658171 0.01713778835434358 0.8344052825658171
0 0.033530099073331404 0.8019643154406083 0.03125441390860431 0.7837588341227918 0.008602550230279893 0.7927077185389202 0.010878235395006985 0.8109131998567367
0 0.18428147242946558 0.7842380584855496 0.15131144898411564 0.7516750723666854 0.13950231015172318 0.7894643166303412 0.17247233359707312 0.8220273027492053
0 0.16836302632707303 0.8292599262498922 0.165940608301699 0.7969610192449053 0.1322110703614368 0.8049561689788933 0.13463348838681088 0.8372550759838804
0 0.13694003027679624 0.8252831785512219 0.134956338889007 0.8032421631313409 0.11052705904222784 0.8101909360655357 0.11251075043001713 0.8322319514854167
0 0.1690007542028835 0.9085495300462217 0.16067606199742426 0.8891963994489145 0.15281584211769975 0.8998821885664486 0.16114053432315897 0.9192353191637557
0 0.10565399622673868 0.8584169453734666 0.04101545750793245 0.8584169453734666 0.04101545750793245 0.8927193208129657 0.10565399622673868 0.8927193208129657
0 0.22553475171750437 0.7916198826911425 0.22480163396271372 0.7785866781615307 0.2113332817248658 0.7809810518927037 0.21206639947965644 0.7940142564223155
0 0.3794512721320876 0.8857731107229756 0.3688389747304926 0.8857731107229756 0.3688389747304926 0.9020667390567377 0.3794512721320876 0.9020667390567377
0 0.36956254046241943 0.9985421699803294 0.3692105547690941 0.9822726090444013 0.3486564428351736 0.9836780184074043 0.34900842852849895 0.9999475793433324
0 0.4086572169337133 0.971985476915654 0.37103027036728886 0.9715110630897574 0.3709171440068468 0.999868070773917 0.40854409057327123 1.0003424845998135
0 0.5289516887907451 0.8227888504143013 0.5187435452213977 0.819764215282642 0.515040974629194 0.8592583015994705 0.5252491181985414 0.8622829367311298
0 0.5899365464938295 0.8679787534637322 0.5434836265041192 0.8404510971735397 0.5386116172424791 0.8664351465689599 0.5850645372321894 0.8939628028591523
0 0.5794448433808892 0.8411800226516271 0.5731739403708557 0.8300317506337896 0.5700384888658389 0.8356058866427083 0.5763093918758724 0.8467541586605457
0 0.5881893131772258 0.8521511594520306 0.5779597543704421 0.7748611595785555 0.5657801266074489 0.7799559058323565 0.5760096854142325 0.8572459057058316
0 0.6446845325242191 0.7877827445472506 0.6442147525345912 0.756464078572055 0.5851398331438786 0.7592646673431703 0.5856096131335066 0.7905833333183659
0 0.7174815721314762 0.8420477682310439 0.7091333499787464 0.8231014484517991 0.6827989951768887 0.8597744758795718 0.6911472173296184 0.8787207956588166
0 0.8111676629863478 0.8090052253427611 0.8013782442602775 0.7997234061061906 0.7935467092794212 0.8258285227090447 0.8033361280054915 0.8351103419456152
0 0.9114168188541458 0.92582113404859 0.9052423912750354 0.903867613767311 0.8777468934618128 0.9283080562679559 0.8839213210409232 0.9502615765492352
0 0.9133945651880795 0.9463168033736916 0.8908193143519589 0.9262499137415854 0.8831495175935337 0.9535203022159876 0.9057247684296542 0.9735871918480937
0 0.9878253719224164 0.8392076360638556 0.9652018833708341 0.7587685656582299 0.9506340933013718 0.7717177123866408 0.9732575818529541 0.8521567827922666
0 0.9732093441374922 0.8157962648263977 0.9626404606798128 0.8131121039482567 0.9613766325347137 0.8288397430872672 0.9719455159923931 0.8315239039654079
0 0.9349568357762885 0.7056856396656055 0.8881329843883732 0.6723886786786426 0.8822945574479971 0.6983372428580911 0.9291184088359125 0.731634203845054
0 0.8413024795224625 0.504570210575301 0.8399834275100072 0.47643043430958776 0.7907011160030388 0.4837315174958053 0.7920201680154941 0.5118712937615186
0 0.9821446715486215 0.5561222278141579 0.9783282170017912 0.5289829954811425 0.9391137918440254 0.5464116288845939 0.9429302463908558 0.5735508612176095
0 0.7749074390820523 0.09507701477634257 0.7585734799850878 0.04909994472562781 0.7449527729825637 0.06439337013197083 0.7612867320795282 0.11037044018268559
0 0.8593757568346487 0.1519397333649969 0.8488376713029948 0.11915457837762942 0.8341103257131589 0.13411569135778023 0.8446484112448127 0.16690084634514768
0 0.8758727700923145 0.1135961727479815 0.8602026483239563 0.10198867514178961 0.8296402022702757 0.23238844497081962 0.8453103240386338 0.24399594257701152
0 0.8698522328250855 0.1359368241896364 0.8580236115864408 0.13343341228727781 0.8534236371550367 0.2021263637962491 0.8652522583936814 0.20462977569860769
0 0.9099530014963413 0.003196057865469035 0.8958917074392279 -0.003621539253131455 0.8877376782294358 0.04953065115143865 0.9017989722865493 0.056348248270039134
0 0.7854306468739614 0.04560400104860296 0.7799120633942173 0.026874263177956555 0.7579939441409714 0.0472847869270108 0.7635125276207155 0.0660145247976572
0 0.12182849158659531 0.3059098543501803 0.11119212764583278 0.29595770095531493 0.10747227778755335 0.3085225271432811 0.11810864172831588 0.31847468053814654
0 0.14318105500232617 0.3447622146741388 0.14225282209138237 0.28590537232096175 0.12120931869424822 0.286954269686551 0.12213755160519203 0.3458111120397281
0 0.131580645275058 0.33366244655088595 0.1218832010977384 0.33131155099274784 0.12036415336438265 0.35111543255353367 0.13006159754170224 0.3534663281116718
0 0.13894879600951654 0.3362381577464929 0.12893885789744441 0.3349670544941663 0.12787615898828605 0.36141644956655167 0.13788609710035818 0.36268755281887827
0 0.16107034413196178 0.34549997773563 0.1409948727542059 0.3167930234949743 0.1301913546814187 0.34067106944563913 0.15026682605917457 0.36937802368629485
0 0.15127820531289768 0.30150824984860586 0.14338673186206907 0.2927399460143519 0.13800741359287444 0.308041117980061 0.14589888704370305 0.31680942181431504
0 0.18142200612761542 0.32320851447257204 0.16929615155562897 0.3181362615797149 0.16775570778973423 0.3297751700331417 0.17988156236172068 0.33484742292599884
0 0.1955986764651534 0.31723813820841207 0.1903509763830906 0.30739060225194853 0.18125270946679278 0.322713999163608 0.18650040954885558 0.3325615351200715
0 0.2243959588156423 0.28927193731542356 0.16578193969866462 0.2394358630903604 0.15751659268396076 0.27015957724602724 0.21613061180093845 0.3199956514710904
0 0.24226320862269143 0.25606723788998825 0.22061189556733923 0.23040642241697848 0.21437809849227643 0.24702988128381267 0.23602941154762863 0.2726906967568225
0 0.22777520914790536 0.23056687571780968 0.2106176358735426 0.1988444291305434 0.20143059426161042 0.21454877376632486 0.2185881675359732 0.24627122035359117
0 0.2505810032471788 0.24790293242684924 0.234694123468502 0.22565060250116056 0.22645490302642407 0.24424166401149028 0.24234178280510088 0.266493993937179
0 0.2720355175554838 0.23085088917191104 0.2634165328800539 0.21260965176359384 0.24739197285387343 0.23653966140268995 0.2560109575293033 0.2547808988110072
0 0.28578204174361366 0.22917652989305085 0.2593259657710291 0.1708820776717692 0.2489900778363665 0.18570729066896208 0.275446153808951 0.24400174289024376
0 0.28932497682577357 0.21827345541305765 0.27892075787088993 0.15893087322594376 0.2678435096992019 0.16506891550289646 0.27824772865408554 0.22441149769001031
0 0.2928239618729476 0.20520573754110127 0.2901930077248047 0.13244848702455664 0.27705600599198227 0.13394985865116493 0.2796869601401252 0.20670710916770957
0 0.29936380261900647 0.18103086108471614 0.29799542835412496 0.1354183855886661 0.2850113933932485 0.1366494644590307 0.28637976765813 0.18226193995508075
0 0.29920894339779225 0.12990971769961257 0.2934891516230846 0.1020054105403151 0.2600741126922644 0.12365281805858655 0.26579390446697204 0.15155712521788403
0 0.28304263115539413 0.3690144004010738 0.2777932327080811 0.34288406146333766 0.23331631289065968 0.371123375633129 0.23856571133797277 0.39725371457086517
0 0.2663185337527371 0.39051999472914684 0.2649278757118629 0.37898268357522746 0.24755053284916242 0.38560262371339915 0.24894119089003663 0.3971399348673186
0 0.28405354162764224 0.4808398225479553 0.2671703412160139 0.4568281597403056 0.2618759578116704 0.4685934561944021 0.2787591582232987 0.49260511900205184
0 0.2925023611307481 0.5000961582861799 0.2904826565472708 0.4480326623565425 0.27958949576097514 0.4493682222996898 0.28160920034445247 0.5014317182293273
0 0.3191811523470283 0.5113290709322285 0.30138550053108837 0.47415593158337604 0.2931268971718015 0.486651217989862 0.3109225489877415 0.5238243573387146
0 0.18389557291391861 0.09561787153760397 0.17810704705850314 0.09561787153760397 0.17810704705850314 0.11062516079238485 0.18389557291391861 0.11062516079238485
0 0.21457002574212447 0.11656665977434583 0.2122848119539344 0.09726929889629599 0.20253618717665528 0.10091790700007292 0.20482140096484536 0.12021526787812276
0 0.2204503489967965 0.12389641519260566 0.2154383327073514 0.112758601216061 0.21205580997679868 0.11756930021062491 0.21706782626624374 0.12870711418716957
0 0.22793289653704105 0.07869096858034343 0.21617773633835113 0.07299149696885739 0.2107454274586535 0.10840210299947882 0.2225005876573434 0.11410157461096487
0 0.26425960687327027 0.019552354000514645 0.2505600956821203 0.007375010719492364 0.23898304397128925 0.048537861246891335 0.2526825551624392 0.06071520452791362
0 0.2720739050999287 0.04936910059906527 0.2643102975649701 0.03492517960379344 0.2474417278491773 0.06358092272593023 0.2552053353841359 0.07802484372120205
0 0.28646676683448213 0.004884130533731663 0.2665334585682691 -0.007623043280362489 0.2558603074333225 0.04613801428825873 0.27579361569953553 0.05864518810235288
0 0.2803424852171196 0.06477508992808947 0.276450942549626 0.052825302343058565 0.26593572104844154 0.06364798646123665 0.2698272637159352 0.07559777404626757
0 0.3282469401135879 0.12284538204270648 0.3118461168565775 0.09368836291913205 0.30364570522807216 0.1082668724809191 0.32004652848508264 0.13742389160449353
0 0.33560319172151176 0.08446959951976672 0.3271709265995079 0.06290404037733197 0.3058942391265571 0.08919718262032811 0.3143265042485609 0.11076274176276286
0 0.3258890167653824 0.06792737906827677 0.30844085322713916 0.06598869423069419 0.30795284521079413 0.07986981114006349 0.3254010087490374 0.08180849597764607
0 0.38276265236710255 0.08709272234749323 0.3787759470598189 0.058742817940142404 0.3671421450955034 0.0639133965909492 0.3711288504027871 0.09226330099830002
0 0.38962943303872294 0.028299459737586893 0.3708167240086226 0.028299459737586893 0.3708167240086226 0.047165766229311436 0.38962943303872294 0.047165766229311436
0 0.4146573861764008 0.14928129926843584 0.4112362189721104 0.10062469902963851 0.3971359636832778 0.1037580890938235 0.4005571308875682 0.1524146893326208
0 0.44293242246730885 0.09669526072064995 0.4393332674841216 0.034309907678738476 0.4241986450275705 0.037069496958565505 0.42779780001075773 0.09945485000047698
0 0.3994973051557589 0.16245651362708216 0.3929786949582189 0.1465221331442067 0.37883852571771526 0.16480437216223173 0.3853571359152552 0.18073875264510716
0 0.3869481010916927 0.21687727614782285 0.38623737972187094 0.19855645861464058 0.3693844349187569 0.20062272004644 0.37009515628857864 0.21894353757962226
0 0.4314715862258085 0.2339306378989217 0.42194599241411124 0.20683561550120486 0.38946954398185507 0.2429205582037114 0.39899513779355233 0.2700155806014283
0 0.45531426507754624 0.34209815701217444 0.4498427742811066 0.32406744479409677 0.4297425833536801 0.34334482088823676 0.4352140741501198 0.3613755331063144
0 0.4969898899859434 0.3458767963572562 0.48254083890838706 0.33887119583480463 0.47909555284636574 0.36132935683168443 0.4935446039239221 0.36833495735413607
0 0.4075037952680518 0.5594936466355711 0.4037363240604517 0.5410748985095262 0.3959126595527064 0.5461326210195838 0.39968013076030656 0.5645513691456288
0 0.493100015716175 0.24479996478694194 0.48886824473461865 0.20923599047729619 0.47747628924878094 0.21352014467709837 0.4817080602303373 0.24908411898674412
0 0.5443910810993251 0.18720273546573166 0.534995600982558 0.1753713901335066 0.5239748165685264 0.20303139807460557 0.5333702966852935 0.21486274340683062
0 0.5321718822283292 0.22296544035674445 0.5257080283564485 0.1884915530400479 0.5189065104763354 0.1925220821541891 0.525370364348216 0.22699596947088566
0 0.5571995964865972 0.18968072659203353 0.549514686624186 0.1674798758784003 0.5395566002992401 0.1783741925415886 0.5472415101616515 0.20057504325522185
0 0.28864848531889226 0.6657091746623413 0.2784754651012955 0.6644619078157393 0.2774336446194283 0.691317724681649 0.28760666483702507 0.6925649915282509
0 0.42932494658766934 0.6888943611679549 0.3880788745513883 0.6126582350762043 0.37746504403234205 0.6308070750477032 0.4187111160686231 0.7070432011394536
0 0.3749169298228753 0.5176228506161691 0.37163676517147304 0.5059600429667396 0.3583231557040175 0.5177943624933673 0.36160332035541976 0.5294571701427968
0 0.6443189074284419 0.03288992468610728 0.639282322431695 -0.0029257908463113935 0.5974006353601597 0.01568829229659505 0.6024372203569066 0.05150400782901373
0 0.6604941973504839 0.03640191738450301 0.6367080135193224 0.019487297771232814 0.630636714849131 0.04647084741652869 0.6544228986802925 0.06338546702979889
0 0.6799267469013197 0.07617716206092554 0.6762188138297847 0.04102046330859355 0.6531520843832989 0.04870937312408893 0.6568600174548339 0.08386607187642091
0 0.6931864000395253 0.0650948286133417 0.6919815243590747 0.03296481046799214 0.670242536218438 0.0355412831365118 0.6714474118988886 0.06767130128186136
0 0.7072692285433657 0.10736055294933847 0.6908205158576475 0.06187275490488374 0.677106724909574 0.07754565884553927 0.6935554375952924 0.12303345688999398
0 0.6775603684069674 0.08146814166881065 0.6710482768196251 0.08146814166881065 0.6710482768196251 0.10204956693251016 0.6775603684069674 0.10204956693251016