1 0.652797424398351 0.30231364934410054 0.5858268121020964 0.0019189712836355079 0.01290014876225111 0.40560713515452923 0.0798707610585057 0.7060018132149942
1 0.725664177681874 0.6556277381812586 0.047112168767687895 -0.0336949375410929 -0.06585815359517433 0.3177682875878099 0.6126938553190118 1.0070909633101612
1 0.4430032703026626 0.8579560436236866 0.4212241197635999 0.8547177699273735 0.41440121785870093 0.9997456365049364 0.43618036839776364 1.0029839102012497
0 0.0892173206136416 0.06705766739211551 0.08484985178128983 0.056187522742706664 0.07843879865200928 0.06432854258941213 0.08280626748436105 0.07519868723882098
0 0.054612223644663754 0.610504943249813 0.05363179527669024 0.6010928309172674 0.04414866986170089 0.6042148475147948 0.0451290982296744 0.6136269598473404
0 0.0592010762370294 0.5626447131463852 0.04945705771374666 0.5539833633479118 0.04087074436154703 0.5845124774890659 0.05061476288482977 0.5931738272875394
0 0.16598395876106944 0.54695647470531 0.16107092169161538 0.5326419469473943 0.133361348189091 0.5626997893908106 0.13827438525854507 0.5770143171487262
0 0.018407575276058324 0.9571901519413148 0.008050654015143155 0.9461427692630061 0.0032623513773915314 0.9603303326341229 0.013619272638306701 0.9713777153124317
0 0.033158275777905324 0.9311742836003511 0.027917062463306372 0.9293107410884937 0.02537530591781946 0.9519041326039331 0.030616519232418413 0.9537676751157905
0 0.10173631149801712 0.9764773987516784 0.09993065647329857 0.9572170784880137 0.0915998726408425 0.9596854588828153 0.09340552766556105 0.97894577914648
0 0.21937997015720273 0.893323947524615 0.2178898013263941 0.8730134982750751 0.20969252783922931 0.8749143153155772 0.21118269667003794 0.8952247645651169
0 0.5702796774431478 0.1123402795643599 0.5611145115054066 0.11234027956435987 0.5611145115054066 0.14621387531086527 0.5702796774431478 0.1462138753108653
0 0.3384341533453672 0.226357650380411 0.298235111289646 0.19869379348185 0.29488510017241687 0.21407902972393936 0.33508414222813804 0.24174288662250035
0 0.09879530893708222 0.4592567504770097 0.09663544798779725 0.43007462920667056 0.08858083313032696 0.43195874964116654 0.09074069407961192 0.4611408709115057
0 0.1169561094228215 0.34486298620028955 0.10777612643937534 0.34294298975930726 0.10554533789156872 0.376652683370607 0.11472532087501489 0.37857267981158915
0 0.13816054142264053 0.36390281891268 0.12648133925553753 0.3461059394199515 0.11871790457886261 0.3622078780086105 0.1303971067459656 0.380004757501339
0 0.08919776478304905 0.4837156425785183 0.07288494276370522 0.4630009479507804 0.06462260433832337 0.48356499025395333 0.0809354263576672 0.5042796848816913
0 0.5563298135204785 0.18792999289802298 0.554841005900758 0.16793218190721015 0.531008396207202 0.1735398547762822 0.5324972038269224 0.193537665767095
0 0.4947961770602462 0.21736608201294397 0.49319298239931003 0.20596558664628692 0.4811619286606033 0.21131272164126774 0.4827651233215395 0.22271321700792482
0 0.5422535765366305 0.23068347483063198 0.5347767306400522 0.23068347483063198 0.5347767306400522 0.24569076408541285 0.5422535765366305 0.24569076408541285
0 0.5546791895194536 0.21560107088510763 0.547300931654476 0.21083128802289985 0.5455474730924341 0.21940375210399374 0.5529257309574117 0.22417353496620152
0 0.5743316573187247 0.45193379641540166 0.5627546056078937 0.45193379641540166 0.5627546056078937 0.46222450904725143 0.5743316573187247 0.46222450904725143