1 0.745237571276857 0.38673752420888435 0.6799745747257575 0.06824272622530501 -0.03971462116692917 0.5343271578510448 0.02554837538417032 0.8528219558346241
0 0.08066118569625366 0.13090391803750032 0.07050289032253433 0.1263891200936253 0.06850244388720703 0.1406145169670647 0.07866073926092636 0.14512931491093972
0 0.15395993062690008 0.2474921462275758 0.1452086385792157 0.24100970767373558 0.1348332483008947 0.2852780395279059 0.14358454034857907 0.29176047808174604
0 0.15948728778617632 0.2319698139096131 0.14091576733338498 0.2319698139096131 0.14091576733338498 0.26327073149815605 0.15948728778617632 0.26327073149815605
0 0.21852164403802332 0.414661523860713 0.2168546633579755 0.3994205576431333 0.19126464496667406 0.40826648992654613 0.19293162564672184 0.4235074561441258
0 0.152734007621525 0.318154532201355 0.14530539944040857 0.29174170311294073 0.08462235338946938 0.3456821884915528 0.09205096157058582 0.372095017579967
0 0.006766679530057466 0.24380413605330384 0.000013399365406068108 0.24380413605330384 0.000013399365406068625 0.2588114253080847 0.006766679530057466 0.2588114253080847
0 0.02130653644271753 0.429677836116696 0.014086889761525376 0.421164874043635 -0.005032824513317352 0.4724122449546665 0.0021868221678748023 0.48092520702772756
0 0.1534586382762393 0.7103661768653566 0.1434926196591464 0.6906802141649259 0.10360988972070562 0.7544925820664302 0.11357590833779851 0.7741785447668611
0 0.15389410127153283 0.7063982208523291 0.14778871671052443 0.7011262697393315 0.14091802836788317 0.7262738872025936 0.14702341292889157 0.7315458383155913
0 0.19899397564531335 0.7317554135948616 0.1828343409656118 0.7317554135948616 0.1828343409656118 0.7793499595171668 0.19899397564531335 0.7793499595171668
0 0.036633095688751866 0.9990541118795296 0.031597698548971154 0.9753957380164332 0.02206928566125091 0.9818052409799447 0.02710468280103162 1.0054636148430414
0 0.2574651547954717 0.7164636865534324 0.24800585644637813 0.6954430235554466 0.21679840760188707 0.739826950800945 0.22625770595098066 0.7608476137989308
0 0.274510128033344 0.7790498346685797 0.26389783063174893 0.7601835281768552 0.2439997730037582 0.7955578528488386 0.2546120704053533 0.8144241593405632
0 0.3559583340609407 0.9729199688136302 0.3474402594281748 0.9539909140741503 0.32996879419384145 0.9788392201852021 0.33848686882660733 0.997768274924682
0 0.3332942491720061 0.967665611675574 0.32631221283093803 0.9621489409863349 0.3197180673977068 0.9885255227192589 0.3267001037387749 0.994042193408498
0 0.6563538756886321 0.922967829193817 0.6010443379663364 0.9013990919028286 0.5960650165017463 0.9417543769753242 0.651374554224042 0.9633231142663126
0 0.6346638892608604 0.9790323509253598 0.6294368504134203 0.947172304617153 0.6216107634568985 0.9512302756316456 0.6268378023043385 0.9830903219398525
0 0.7111112652445422 0.9538583699105045 0.7040579712476529 0.8882687641958414 0.6926975011426508 0.8921298390027703 0.6997507951395401 0.9577194447174333
0 0.7271640782274862 0.9483559733472737 0.7262558858412473 0.9241375097142421 0.7057175045566841 0.9265716882368576 0.706625696942923 0.9507901518698892
0 0.9162087906411258 0.8975717328623267 0.8973886768199741 0.8694140268152792 0.8744935473148754 0.9177781173776841 0.8933136611360271 0.9459358234247317
0 0.9052906407672838 0.8692222250416717 0.8818953487683137 0.7860389646008856 0.8674240341297748 0.7989023553906974 0.8908193261287451 0.8820856158314834
0 0.9079673144000531 0.6669414731068439 0.8883129324008145 0.6577365534608446 0.8706553691279136 0.7768950756834134 0.8903097511271522 0.7860999953294129
0 0.9445877451736606 0.7220768628115457 0.9373354541594049 0.6898444583037402 0.8908026924337585 0.7229344221975311 0.8980549834480143 0.7551668267053366
0 0.7516052321988589 0.662293103329876 0.6886051124362551 0.6174930181653572 0.6835983702452204 0.6397452056810666 0.7465984900078242 0.6845452908455856
0 0.7707963835121182 0.6992194336741289 0.7629500466610232 0.6822813096781142 0.7420685861224582 0.7128528597476471 0.7499149229735532 0.7297909837436618
0 0.7913688276466638 0.6547533255822893 0.7886818784960812 0.6340538654592824 0.7657648986757061 0.6434557033343083 0.7684518478262887 0.6641551634573152
0 0.8090210502377372 0.6215303631699288 0.8044914543258948 0.6090488099906296 0.7874611660970976 0.6285817570630852 0.7919907620089401 0.6410633102423844
0 0.7736966588989735 0.3288281187996439 0.7503568616169055 0.32606192060325 0.7492971259652779 0.3543215379799833 0.7726369232473459 0.3570877361763772
0 0.8098077936041564 0.29944985052202616 0.8070712309000738 0.2751248487079583 0.8012270461422024 0.2772027810663126 0.803963608846285 0.3015277828803804
0 0.8317966279526068 0.153366630667093 0.8267445121912234 0.13181093675185737 0.8048234675316618 0.14804874761079181 0.8098755832930451 0.16960444152602744
0 0.8423384451340887 0.08099226617420752 0.8277247896958266 0.07863046327509496 0.8262321882542837 0.10781911368749661 0.8408458436925458 0.11018091658660917
0 0.8464849029699524 0.11704070224451829 0.8175465503791438 0.08661567204151775 0.813022869982991 0.1002141294748011 0.8419612225737996 0.13063915967780165
0 0.8530584459908778 0.026654825298706244 0.8372259026694446 0.016099796417751538 0.8252722003036387 0.07276920022602044 0.8411047436250718 0.08332422910697515
0 0.9919496965943998 0.02482634422433774 0.9864023593162934 -0.004759454592230483 0.9659978056759538 0.007332132750192757 0.9715451429540602 0.03691793156676098
0 0.7407922136222983 0.11265858763339459 0.724820053033256 0.10887259401228824 0.722507170431638 0.13971102870052796 0.7384793310206803 0.1434970223216343
0 0.8167960331447998 0.21169888428566777 0.8031730369505892 0.2013194586138884 0.7938789598767001 0.23987266721668762 0.8075019560709107 0.250252092888467
0 0.6544655544273488 0.2173200642489278 0.6137833988106911 0.14852422385653086 0.594065893656095 0.18537517366113215 0.6347480492727526 0.25417101405352915
0 0.647088968720708 0.06255565890245614 0.6325434422122279 0.0477792510208255 0.622910741493857 0.07774765325575711 0.637456268002337 0.09252406113738774
0 0.532461296744314 0.6253323147303242 0.5153369077553765 0.6253323147303242 0.5153369077553765 0.6553468932398859 0.532461296744314 0.6553468932398859
0 0.5981796759930172 0.6138809351989554 0.5778879535055016 0.576604289444112 0.5684987064016308 0.5927578328486208 0.5887904288891465 0.6300344786034642