1 0.8231685791525952 0.30203241967038585 2.150594941299963e-17 0.30203241967038574 3.501030306365857e-17 0.6941085650554683 0.8231685791525952 0.6941085650554684
0 0.025594930064340445 0.2057193113987529 1.3877787807814457e-17 0.18651916645227667 -0.008184597340595401 0.22100190144670206 0.01741033272374503 0.24020204639317833
0 0.16464020969849208 0.2797610940439976 0.16144233291464244 0.27082734302879863 0.14538342993487582 0.2889949908442923 0.1485813067187255 0.29792874185949125
0 0.23957698842595052 0.16266982068376937 0.23741104111462435 0.1424543124447253 0.2178161844443229 0.14908960782514485 0.21998213175564907 0.1693051160641889
0 0.2530202169625245 0.1577909270216962 0.23107205642740744 0.1577909270216962 0.23107205642740744 0.17794357259240196 0.2530202169625245 0.17794357259240196
0 0.262389931204932 0.2288754632321695 0.23361935190374206 0.20403229634352296 0.22728759418001507 0.22720735729311198 0.256058173481205 0.2520505241817585
0 0.18588473856427265 0.25074323613534916 0.1653940374673527 0.21545369535732034 0.12031826172712452 0.29817339850784663 0.14080896282404448 0.33346293928587545
0 0.017757457468352764 0.8852387852593988 0.014801969747943497 0.8659733838226571 0.00565906737118467 0.8704063061871463 0.008614555091593937 0.889671707623888
0 0.10863187430769511 0.899215889554093 0.08868078321073053 0.8774687148303943 0.054663079299836326 0.9761020573868494 0.0746141703968009 0.9978492321105481
0 0.3037812948861075 0.8504119731655986 0.2903403283233553 0.8469489221993501 0.2868889649335976 0.8892856464470457 0.3003299314963498 0.8927486974132941
0 0.6672916235502252 0.9688622487921277 0.6159478698245475 0.8547650182906235 0.595858626129178 0.8833363871018161 0.6472023798548557 0.9974336176033203
0 0.7755558685682011 0.842114211656142 0.7613113154471176 0.7731776088973183 0.7431480896391434 0.785039307384159 0.7573926427602269 0.8539759101429826
0 0.8452495273913361 0.9460133592832657 0.8419582309594433 0.8992038100296722 0.8311529826960011 0.9016049763104369 0.8344442791278939 0.94841452556403
0 0.8559968613472654 0.8918861664376085 0.8465993777267129 0.8870222086705715 0.8372631353416692 0.9440319206256207 0.8466606189622217 0.9488958783926579
0 0.861207739854226 0.8644231180850421 0.8602916783332393 0.8269663803380286 0.8455964678833119 0.8281022420153177 0.8465125294042987 0.8655589797623312
0 0.8739494021525651 0.8050838532671265 0.857840660475415 0.7964925243726463 0.8520454964022753 0.8308342373986588 0.8681542380794255 0.8394255662931389
0 0.9294241324118612 0.6194421448316778 0.922299042440392 0.6182357803920638 0.9209321265033734 0.6437515445497431 0.9280572164748426 0.644957908989357
0 0.9344002467517292 0.6154110227637692 0.9331664744139564 0.6044441575391217 0.9228695774596115 0.608105276456222 0.9241033497973843 0.6190721416808694
0 0.9563988034085793 0.623639376723117 0.9527433025654151 0.6148197556411972 0.9432984098396279 0.6271920127790707 0.9469539106827921 0.6360116338609904
0 0.8967213524911288 0.6598566571850368 0.879242274417914 0.6520881780413876 0.8637352676532871 0.7623602261454268 0.8812143457265019 0.7701287052890761
0 0.8314869361107365 0.29405711476363855 0.7969969695555527 0.29405711476363855 0.7969969695555527 0.31935511665026917 0.8314869361107365 0.31935511665026917
0 0.8364504417716278 0.2836031707947222 0.8231034246077812 0.2828122364442722 0.8225867831491728 0.3103664475700631 0.8359338003130193 0.31115738192051307
0 0.8464904846459033 0.17633990398285132 0.8426505668627697 0.1479415786889217 0.8110050064932836 0.1614653224365653 0.8148449242764171 0.1898636477304949
0 0.860451408881608 0.14101835953391045 0.8495515054783916 0.12325555398792797 0.8367466673872217 0.14808917937686317 0.847646570790438 0.16585198492284567
0 0.9719535375450766 0.057211736866567144 0.9625227931738942 0.030386508432981272 0.8895266637537295 0.1114933188998301 0.8989574081249119 0.13831854733341598
0 0.9364039672401423 0.11268330299162195 0.9160469680615042 0.10156977063163058 0.8937573719573988 0.23060811616878704 0.9141143711360369 0.24172164852877842
0 0.45690928669986675 0.21960422555819248 0.4505207307252925 0.19499645439686875 0.44001314446213885 0.2036180636384305 0.4464017004367131 0.22822583479975422
0 0.550387541649786 0.212101942449385 0.5265781334143033 0.17330142532489512 0.5155653719598178 0.19465950814571562 0.5393747801953006 0.23346002527020548
0 0.5654317929276298 0.25439499152605366 0.5509817596341484 0.21158007806388376 0.5422564081609121 0.2208871196353352 0.5567064414543935 0.2637020330975051
0 0.3912806471449152 0.05026617324018918 0.38688359385089766 0.011181255071144461 0.3776071101082446 0.014479560401865536 0.3820041634022621 0.053564478570910255
0 0.6604677631075192 0.7176227914478082 0.6202425914291012 0.7110217376339139 0.6190382900512965 0.7342156900953376 0.6592634617297145 0.740816743909232
0 0.6582652527802841 0.841951794694253 0.648858898265234 0.841951794694253 0.648858898265234 0.883114645221652 0.6582652527802841 0.883114645221652