1 0.2861611579141791 0.2088511224849605 0.22670793142820506 -0.025515219604676447 0.1922667640041581 0.002097742513078001 0.25171999049013216 0.23646408460271495
1 0.7060782983436348 0.5135212628054274 0.07612129779620683 -0.046440515458954404 -0.05371327145043804 0.41519350852911524 0.57624372909699 0.9751552867934971
0 0.14440843757315322 0.5638082283400252 0.14334460038891467 0.5518302096730432 0.13090969957608747 0.5553207081468193 0.131973536760326 0.5672987268138013
0 0.16737840942911758 0.4754006724919814 0.15695338786402124 0.4636067087011653 0.15400379343916615 0.47184684550710976 0.16442881500426249 0.48364080929792574
0 0.38871290466816294 0.9226481643204372 0.3812360587715846 0.9226481643204372 0.3812360587715846 0.9445159286631178 0.38871290466816294 0.9445159286631178
0 0.48448148589983875 0.8834976066096623 0.4765179644383538 0.8781043222336302 0.4720208720741136 0.8990907532667516 0.4799843935355985 0.9044840376427836
0 0.4678876934117065 0.8376013613677945 0.4617652141415555 0.8354244798495185 0.4592883929822671 0.8574406679320817 0.46541087225241806 0.8596175494503577
0 0.4758996340412449 0.8598790004826706 0.4678757018595512 0.8420480400789065 0.4638166745828878 0.8478208788723833 0.4718406067645815 0.8656518392761474
0 0.4393625059030483 0.7399880151051041 0.43092090569723407 0.7399880151051041 0.43092090569723407 0.7627133388337723 0.4393625059030483 0.7627133388337723
0 0.4215145511821839 0.784581103176453 0.41476127101753246 0.784581103176453 0.41476127101753246 0.8051625284401526 0.4215145511821839 0.8051625284401526
0 0.4272363954897552 0.8118489694173668 0.4218876840988443 0.8111175217057893 0.42089029839385483 0.834168213554435 0.42623900978476575 0.8348996612660126
0 0.48611706173176567 0.9061659440885121 0.4793317565278035 0.9029492068066336 0.4764575092496649 0.9221108553275573 0.48324281445362705 0.9253275926094359
0 0.7662942919715674 0.6525100150184249 0.7594393214878343 0.6436470228778408 0.7523262140402788 0.6610346188607547 0.7591811845240118 0.6698976110013387
0 0.7061653277874193 0.38598748486709167 0.6926587674581165 0.38598748486709167 0.6926587674581165 0.4005659944288788 0.7061653277874193 0.4005659944288788
0 0.8834389321095185 0.2963725290314001 0.8745149547490862 0.2963725290314001 0.8745149547490862 0.30794958074223105 0.8834389321095185 0.30794958074223105
0 0.37392250254244885 0.20512160851754369 0.3683009533944011 0.19845903174948704 0.3611024020101023 0.2176551687742836 0.36672395115815004 0.22431774554234027
0 0.37607464677074437 0.19981133693508274 0.3710096866472558 0.19981133693508274 0.3710096866472558 0.22210788097075718 0.37607464677074437 0.22210788097075718
0 0.36396698018983376 0.24757739473458523 0.3601562006683518 0.2272532372866819 0.355380666837634 0.23008318326044064 0.35919144635911593 0.250407340708344
0 0.38085982814455455 0.26032072721035937 0.37593958116745146 0.24865791956092964 0.3638994473881871 0.26471143126661517 0.36881969436529016 0.27637423891604485
0 0.4153174470552522 0.0836877071384252 0.4073156613139426 0.08013135792006537 0.40572665421637755 0.09143096394719456 0.41372843995768716 0.09498731316555438
0 0.45192844255763204 0.1105822841316173 0.44650169956818003 0.10736643643416421 0.4445721909497082 0.11765714906601397 0.4499989339391602 0.12087299676346706
0 0.475284645373384 0.1467047554403416 0.4700450314525337 0.14271266864350335 0.4668513620150631 0.15596048260634446 0.4720909759359134 0.1599525694031827
0 0.3687248104741977 0.15795212000851105 0.3635827944012251 0.1527852632781811 0.35826869822581714 0.1694996854367293 0.36341071429878974 0.17466654216705924
0 0.4507765709565803 0.8250194638777594 0.4475496341291364 0.8106775224224515 0.44222685173335197 0.8144626121261199 0.44545378856079587 0.8288045535814279
0 0.7195081172870722 0.9997753461875318 0.7187846022990584 0.9798384887400408 0.7119430946030183 0.9806231777947837 0.7126666095910321 1.0005600352422748