1 0.7216767116866697 0.48008973066209215 0.613763475251067 0.040701073551900196 -0.07258100789013104 0.5734504743796981 0.035332228545471606 1.01283913148989
0 0.12687859102992874 0.048452105308292595 0.11132192779349964 0.020795815110196396 0.09178565303147238 0.0555269702426893 0.10734231626790149 0.0831832604407855
0 0.13001404253494545 2.4604024583389957e-17 0.08394702426893057 1.958928445310215e-17 0.08394702426893057 0.054883800703198676 0.13001404253494545 0.05488380070319868
0 0.03811137221709124 0.8540629580416801 0.03339366417006823 0.8329400512303179 0.007880932008452912 0.8509490386385169 0.012598640055475924 0.8720719454498791
0 0.9197793607670717 0.9601181735922797 0.9121035964562172 0.9540533721614817 0.901620596023902 0.9959853738907465 0.9092963603347564 1.0020501753215443
0 0.7887483202115855 0.09930537689734997 0.7828633189252462 0.07838092787925552 0.7681025779939369 0.09150158648486438 0.7739875792802762 0.11242603550295883
0 0.5815710193430981 0.24291359295974324 0.5805172107899327 0.22792609353694665 0.5711665151773384 0.23000402589530097 0.5722203237305038 0.24499152531809754
0 0.6659434067202998 0.10298823218728567 0.6638228937808317 0.06780342489537063 0.6161326429333565 0.07688728219965167 0.6182531558728246 0.11207208949156672
0 0.6360652516614509 0.126355752185019 0.6295496015541154 0.09675378626527259 0.593346405317817 0.12193861842965416 0.5998620554251525 0.15154058434940054
0 0.6721596987003988 0.2349854606967091 0.667513755597286 0.2013576820456064 0.5997686799982608 0.23093837782373822 0.6044146231013736 0.2645661564748409
0 0.2441927209214089 0.39199040056900386 0.22779189766439834 0.39199040056900386 0.22779189766439836 0.4292942338594592 0.24419272092140892 0.4292942338594592
0 0.2617204088428959 0.3618071218523626 0.24667182318325698 0.3593750272002997 0.24399700232178934 0.41168263515788844 0.25904558798142824 0.41411472980995134
0 0.45577557759228915 0.36070510355727137 0.44777083739092827 0.3336668699882303 0.4388243630482308 0.3420378401334443 0.4468291032495917 0.3690760737024854