1 0.6290945333217789 0.5066889677135911 0.05472592718367168 0.16632238629841634 -0.01283383336612233 0.5266411092306512 0.5615347727719849 0.867007690645826
0 0.0651648196963314 0.2711008416084921 0.01660457043722372 0.24107324786372974 0.010070922366580484 0.2744674491136839 0.058631171625688164 0.3044950428584463
0 0.2559497305284543 0.24897917450014162 0.23137075920392086 0.21499343637239185 0.21978628630609578 0.24147223156742065 0.24436525763062925 0.27545796969517045
0 0.2613165660548665 0.25538851743921914 0.2553092669174309 0.24150498165492362 0.24554157784232306 0.2548625051764387 0.25154887697975864 0.26874604096073423
0 0.19440512976863417 0.5156961795018666 0.17432957866828125 0.5001390572816501 0.1606720422847845 0.5558403821398331 0.1807475933851374 0.5713975043600497
0 0.4335220325047967 0.9253564742744622 0.42263913153916444 0.904024748165189 0.40105368427105104 0.9388291902719149 0.4119365852366833 0.960160916381188
0 0.42794816122233603 0.920153123195644 0.4266928388992533 0.8877937033117341 0.42010396656954857 0.8886015344019662 0.4213592888926313 0.9209609542858759
0 0.4752853710043733 0.9032667466539084 0.47294956484962936 0.8797356624283392 0.4399552912168178 0.8900868070974565 0.44229109737156175 0.9136178913230256
0 0.6320010382150254 0.7733273935291911 0.6273512387573966 0.7664388017401114 0.6219739196567375 0.7779104158215175 0.6266237191143663 0.7847990076105974
0 0.8630383549897016 0.9896905124824996 0.8522179085419357 0.9473705441534597 0.8385891019474215 0.9583837211995319 0.8494095483951873 1.0007036895285717
0 0.856934814294296 0.8644524101265287 0.833800184466765 0.8519893098827408 0.820314720531104 0.9311040316386183 0.843449350358635 0.9435671318824063
0 0.852809756660251 0.990348001291376 0.829235169365163 0.9117654441037689 0.8100693656799541 0.9299373267341553 0.8336439529750422 1.0085198839217624
0 0.7935238187119453 0.6931652412254253 0.7363621258897174 0.6931652412254253 0.7363621258897174 0.7330417526738431 0.7935238187119453 0.7330417526738431
0 0.7759804220085069 0.6205269097640085 0.7409447088585881 0.6164137023501816 0.7399032914189306 0.6444493210431829 0.7749390045688495 0.6485625284570098
0 0.7785170654317808 0.6479461609729411 0.7435688405797098 0.6390704213279705 0.7418901680816392 0.6599605679706256 0.7768383929337102 0.6688363076155963
0 0.8588859231626785 0.4590515550214791 0.84200272275105 0.4590515550214791 0.84200272275105 0.548237731164177 0.8588859231626785 0.548237731164177
0 0.9013351127690586 0.5173655932686276 0.8880697410170649 0.5173655932686276 0.8880697410170649 0.5336592216023898 0.9013351127690586 0.5336592216023898
0 0.8487265394786997 0.4093181880428467 0.8280358565944911 0.4072555654500285 0.822866881928259 0.5711312067202066 0.8435575648124676 0.5731938293130248
0 0.8109142023273004 0.3816927399870705 0.7862086696786246 0.32020341428369786 0.7656750475563736 0.34627785507385717 0.7903805802050494 0.4077671807772298
0 0.9540589710991596 0.3310179334594216 0.9511888270291833 0.3157104984195453 0.9375134346957636 0.32381443461712567 0.94038357876574 0.339121869657002
0 0.9928757430783018 0.4002296585867836 0.9888491880198519 0.3724911681841281 0.9458336170421714 0.3922259104247845 0.9498601721006213 0.41996440082744
0 0.6653658680498324 0.10071177429036954 0.663446006974453 0.07682016979675835 0.6460225441496524 0.08124517622845374 0.6479424052250319 0.10513678072206495
0 0.7095234149022596 0.10145587197298031 0.7064250693322136 0.07391502246145941 0.6985400581509585 0.07671858199257217 0.7016384037210045 0.10425943150409307
0 0.3494601634417399 0.095420606473267 0.3288926010969319 0.02940127055166069 0.31231520036673116 0.04572363434755062 0.33288276271153916 0.11174297026915693
0 0.44948070279875046 0.04213885734239024 0.4482074669666028 -0.00086821965459783 0.43202917681683317 0.000645538488070696 0.43330241264898084 0.04365261548505877
0 0.5694135228930963 0.25602988354553785 0.5537458300174765 0.25552345306875024 0.5533999882339525 0.2893390941244313 0.5690676811095724 0.28984552460121893
0 0.5794035560331409 0.08582666514604591 0.5667324530437949 0.03514225318866224 0.5550509691654694 0.04437206761104287 0.5677220721548153 0.09505647956842653
0 0.5614509041775927 0.02670174853151281 0.5561990526935641 -0.0038544782846536346 0.548018725928942 0.0005891560072398426 0.5532705774129706 0.031145382823406287
0 0.6399908193602286 0.48563609629463056 0.6285175334151517 0.4645811772843101 0.6036720723128142 0.5073705825161136 0.6151453582578912 0.528425501526434
0 0.22782161504131937 0.8295267882625575 0.21005064771433196 0.8122016874993297 0.2035296803873446 0.8333415554351843 0.221300647714332 0.8506666561984121
0 0.2891966921003114 0.7186460812452948 0.2739271797927161 0.7000726393740678 0.26240291652522063 0.730016024274227 0.27767242883281595 0.748589466145454
0 0.25555752962840456 0.6295171835974345 0.24812892144728804 0.6276305529482621 0.2462717694020089 0.6507417784006246 0.2537003775831254 0.6526284090497971
0 0.2792133052908691 0.6378526608292329 0.25509444755997124 0.5949746915298586 0.24689403593146597 0.6095532010916457 0.27101289366236375 0.6524311703910199
0 0.17268574016767405 0.6029208986814071 0.1681818473712411 0.5648880261781959 0.13150902822778598 0.5786135257406588 0.13601292102421894 0.6166463982438699
0 0.3100102609797332 0.3671502827009664 0.2921323777492758 0.35231826105792013 0.2882874445168465 0.3669656257528887 0.30616532774730393 0.381797647395935
0 0.2918311696450362 0.3179071619186144 0.2823802880080214 0.3048392761982975 0.2675100845685485 0.33882831263137797 0.2769609662055633 0.3518961983516949