1 0.5149302924587165 0.9802945233950587 0.281523365393543 0.10060974938942688 0.10495220348810402 0.24867780968748887 0.3383591305532775 1.1283625836931206
0 0.16083962734164978 0.6471477855416014 0.14659972300605084 0.5940472208646794 0.13557849179319817 0.6033882126936605 0.1498183961287971 0.6564887773705824
0 0.1818695866563759 0.48923762970585677 0.17415155218248857 0.48923762970585677 0.17415155218248857 0.5231112254523622 0.1818695866563759 0.5231112254523622
0 0.17787455839988964 0.5139278912882088 0.17010226992531585 0.5032389578724428 0.1453958574820337 0.5600168379589014 0.15316814595660744 0.5707057713746675
0 0.23205737023177891 0.5294049437910253 0.22756537753834938 0.5060180611966618 0.18092976073499178 0.5343280291206512 0.18542175342842132 0.5577149117150147
0 0.06880468002421546 0.7698403900883948 0.05906161670321909 0.7681082899424398 0.0584049151313382 0.7797829845536556 0.06814797845233456 0.7815150846996105
0 0.1900458794271502 0.8816139477009365 0.1882514364119714 0.8592831012898224 0.18011373381356643 0.8613498194100523 0.18190817682874524 0.8836806658211663
0 0.236364463539321 0.9075768529503961 0.22192631825326092 0.9017432588954224 0.21821845849404137 0.930746961900873 0.23265660378010145 0.9365805559558468
0 0.04194738733623274 0.845242012524307 0.03982806758887275 0.8361995816022376 0.029381319743300466 0.8439379133396988 0.031500639490660454 0.852980344261768
0 0.2465284967023185 0.7714605272670246 0.23171295921477572 0.7522129913857724 0.22748832149226825 0.7624904726288315 0.24230385897981102 0.7817380085100838
0 0.6273649832426438 0.938416449618934 0.6074375757155026 0.8624104992931918 0.5909682764756016 0.8760573762528087 0.6108956840027426 0.9520633265785509
0 0.5533153424955284 0.44277510110303253 0.5501453000943555 0.4179783249871903 0.5395538520000327 0.4222576979545933 0.5427238944012056 0.4470544740704356
0 0.7056183987266667 0.5292404625682292 0.6834877171060182 0.5011380097166134 0.6774091130968125 0.5162669796950817 0.699539794717461 0.5443694325466973
0 0.6998699772509749 0.5012415216782377 0.6672236180023798 0.43776248980597005 0.6544917781188219 0.458456781934166 0.6871381373674169 0.5219358138064335
0 0.4227975749542604 0.1590640048730591 0.4098181484227881 0.10714629874716744 0.40050876663469714 0.11450185966615252 0.41348819316616947 0.1664195657920442