1 0.6618501636154748 0.26716994156896157 0.5977954093561386 0.11488564348106649 0.2403611886810253 0.5900537898658658 0.30441594294036145 0.7423380879537609
0 0.05758043998442599 0.034831257720290616 0.03179250002765199 0.014513486845256536 0.0032414474996173767 0.1290430650773725 0.029029387456391376 0.14936083595240662
0 0.11845372946354919 0.1530364771135794 0.05454256071290504 0.06376373346188606 0.0430096381424019 0.08985842695474167 0.10692080689304605 0.17913117060643502
0 0.11885999848277946 0.08122406707433719 0.057197355748616306 0.018582652233282575 0.044492283614678746 0.05810954331664391 0.10615492634884191 0.12075095815769853
0 0.12512744430570102 0.09418762981043748 0.12461612452180598 0.06509921543774218 0.08192221674918056 0.067471099202888 0.08243353653307559 0.09655951357558329
0 0.08671933791597647 0.15830160845380103 0.06816949733530275 0.1055376174687737 0.05212639196823363 0.12336329009885055 0.07067623254890736 0.17612728108387785
0 0.10231855561669348 0.19726154737283158 0.07824433064743287 0.1838869779454646 0.06430517585918444 0.26318528074083347 0.08837940082844506 0.2765598501682005
0 0.1270147916382915 0.216337010749759 0.10616474850809879 0.192749083168127 0.09658104945090971 0.2195225916453538 0.1174310925811024 0.24311051922698582
0 0.1760105227859667 0.32108937081592803 0.14360418306430583 0.29048338330102613 0.135525559727313 0.31751773067710665 0.16793189944897388 0.34812371819200855
0 0.05329618310926259 0.4321303631719795 0.03092780742398899 0.3426568604308836 -0.0015878938695113032 0.36834827873685877 0.020780481815762294 0.45782178147795466
0 0.12492265078654637 0.4313347500684284 0.06336339636982193 0.3902952471239452 0.055642057942820775 0.42690011077787643 0.11720131235954521 0.4679396137223597
0 0.1622356128283793 0.3587729561604075 0.1371882217800536 0.3474454810664278 0.1267220459252954 0.42058841117784174 0.1517694369736211 0.43191588627182137
0 0.18717591306104314 0.4227031683999742 0.17457817474795145 0.35454149250305267 0.15421197848791185 0.36643793730256785 0.16680971680100357 0.43459961319948937
0 0.2289366098698487 0.45959575969866645 0.22465087438074297 0.43165911354745895 0.1897731508051162 0.44856952497806607 0.19405888629422197 0.47650617112927346
0 0.11063848616221568 0.5360543341418382 0.07620812304284168 0.5104317383320716 0.06892385063067709 0.5413674137615113 0.10335421375005109 0.5669900095712781
0 0.032573857302118175 0.42963725237972705 3.125023267055004e-17 0.42963725237972705 3.4322089190150423e-17 0.5188234285224248 0.03257385730211818 0.5188234285224248
0 0.10659463167824375 0.5897007117742901 0.08655186090386764 0.5778235142783634 0.07560189949403996 0.6362233084641109 0.09564467026841607 0.6481005059600374
0 0.043472850559759746 0.5821371997935382 0.0018917122952981646 0.5410694089150575 -0.015332792706861942 0.5961878249219699 0.02624834555759964 0.6372556158004504
0 0.038525348412472044 0.530806082645547 0.033261570677958485 0.5177051247285356 0.008621224131257599 0.5489944536767276 0.013885001865771157 0.562095411593739
0 0.2601725723252938 0.5134271875889641 0.18207099877805638 0.49291566322302305 0.17890226306649076 0.5310488246066504 0.25700383661372816 0.5515603489725914
0 0.14176279802063008 0.6097747060824092 0.1352079311069206 0.597636063649614 0.12103985939239233 0.6218162393757423 0.1275947263061018 0.6339548818085375
0 0.047768737672583834 0.6504587942715029 0.0246146342509219 0.6504587942715029 0.024614634250921905 0.7006260183517704 0.047768737672583834 0.7006260183517704
0 0.023305842583214165 0.6509987363583302 0.008724235008063547 0.6441677129897911 -0.004949412118787605 0.7364161357715105 0.009632195456363013 0.7432471591400496
0 0.08818299190092627 0.693415446854746 0.06914848883890887 0.6523250910383274 0.005717882190790141 0.7451908158042002 0.02475238525280754 0.7862811716206188
0 0.13046743565452207 0.7710765461924542 0.10379384226354442 0.6940194986185192 0.07883134208411952 0.7213289005242148 0.10550493547509715 0.7983859480981499
0 0.14918559310689578 0.688881637980259 0.11397794346801197 0.6819270405207264 0.11087778785235754 0.7315295303711973 0.1460854374912413 0.73848412783073
0 0.21063084212331695 0.7250081468141665 0.20858556298773678 0.7050098619329384 0.1883585241402966 0.7115478946917071 0.19040380327587678 0.7315461795729351
0 0.2431073664351255 0.7832518651916639 0.2284431009347396 0.7050424491896059 0.20709791184289503 0.7176914501329212 0.22176217734328094 0.7959008661349792
0 0.06492210814865829 0.7776100031196517 0.005431912044265297 0.7349647012527031 -0.004687322291253543 0.7795792810786346 0.05480287381313945 0.8222245829455832
0 0.03416273367599647 0.8507579253009238 4.85722573273506e-17 0.8441814805025829 -0.001690249324350232 0.8719317467128088 0.03247248435164619 0.8785081915111497
0 0.04190504031097789 0.8869974644086727 0.02908509971800627 0.8520512559774611 -0.00993223517963368 0.8972887457138552 0.0028877054133379376 0.9322349541450667
0 0.044271503301603676 0.8375353952611799 0.018584919818197543 0.822313716159902 0.013351127690592657 0.8502272741737944 0.03903771117399879 0.8654489532750723
0 0.10304602478005409 0.9399750721000478 0.10051898265705558 0.9157154677192614 0.0757402150654304 0.923873086679467 0.0782672571884289 0.9481326910602534
0 0.6903336930853579 0.9931052267239617 0.6622689949403984 0.8933196333196657 0.6415267772918267 0.9117571601183969 0.6695914754367862 1.0115427535226929
0 0.6912598619329384 0.8969213827408128 0.6608701011920072 0.8969213827408128 0.6608701011920072 0.9290798597153432 0.6912598619329384 0.9290798597153432
0 0.7418295158881374 0.9000340621263477 0.732598849499198 0.8604568258443592 0.6724080974936191 0.9048250766452196 0.6816387638825583 0.9444023129272081
0 0.7334678629620097 0.8544721931344328 0.7112785138495836 0.8544721931344328 0.7112785138495836 0.8737672793191511 0.7334678629620097 0.8737672793191511
0 0.7598223532748871 0.9330873006921689 0.752939202337838 0.871903736807293 0.7368445030443352 0.8776262965560946 0.7437276539813844 0.9388098604409705
0 0.7810211243530634 0.9938371819977492 0.7689336654637657 0.8577413485775013 0.7455624923225254 0.8643016778803052 0.757649951211823 1.0003975113005532
0 0.8266893081783326 0.8961353805440638 0.7685730030106978 0.7873797217508289 0.7509703570399479 0.8171086349458732 0.8090866622075827 0.925864293739108
0 0.8089598876597199 0.7597118809828163 0.7479391776005484 0.7597118809828163 0.7479391776005484 0.8175971395369712 0.8089598876597199 0.8175971395369712
0 0.8333199339679269 0.8330332084847457 0.8185716685021611 0.772437865929106 0.7843715377024835 0.7987456588519352 0.7991198031682492 0.8593410014075747
0 0.9174233503499616 0.7691714747056637 0.8648715743342916 0.7136212490074183 0.8459635873556808 0.7701542201757905 0.8985153633713507 0.8257044458740359
0 0.6487283356953772 0.8273024387763852 0.6456262599175961 0.8028305076405573 0.6225663643808602 0.8120689008446331 0.6256684401586412 0.836540831980461
0 1.0156903000442985 0.6989903702253636 0.9857476205686225 0.6564052260821814 0.9498164051978125 0.7362523713506508 0.9797590846734885 0.778837515493833
0 0.9015969325552373 0.6595903459392081 0.8897407524908916 0.6258661004228464 0.8756705154865296 0.6414996970943594 0.8875266955508754 0.675223942610721
0 0.8392049705846242 0.6284195337540057 0.835680779843238 0.546971569953101 0.8223827766954906 0.5487901002980926 0.8259069674368769 0.6302380640989973
0 1.0017104127884193 0.520729864705963 0.9968959177259824 0.4779343530398571 0.9715247346898265 0.48695521811937936 0.9763392297522635 0.5297507297854853
0 0.7513130155005581 0.4111341527444307 0.7450988627440093 0.3927218482805819 0.7205543781119776 0.41890263188808113 0.7267685308685263 0.43731493635193
0 0.7423028853846203 0.4408402360063147 0.7367184549666932 0.42359708243517136 0.7223479405197746 0.43830629587578834 0.7279323709377017 0.45554944944693165
0 0.7538220014780039 0.5584867354860685 0.7356863906557622 0.4510164491320412 0.711390513785555 0.46397425012948484 0.7295261246077966 0.5714445364835121
0 1.0013080814773836 0.628799244349844 0.9942573152223978 0.5919324926897871 0.984424708108726 0.5978757574340511 0.9914754743637119 0.6347425090941079
0 1.0016178448258 0.6479088787829101 0.986422964455334 0.6178943002733486 0.9800031333228629 0.6281660300853026 0.9951980136933288 0.6581806085948642
0 0.8461321727514881 0.5478102586576321 0.8440569875000672 0.5259957508939025 0.8044019089285831 0.5379181928173552 0.806477094180004 0.5597327005810848
0 0.8900417008881109 0.34293356542146003 0.8890203920159199 0.3120673417285728 0.8763238926324756 0.31339508022618773 0.8773452015046665 0.344261303919075
0 0.9083889863373301 0.2775787826398879 0.8954482915163292 0.2729776467035319 0.8918490158241797 0.3049712084115263 0.9047897106451807 0.3095723443478822
0 0.7991312609283437 0.24317310178814402 0.7716403138429937 0.2292094461257436 0.7517354301231918 0.3530620559378405 0.7792263772085418 0.36702571160024094
0 0.8313622592333985 0.12545476580538997 0.8078065413856927 0.10358575368011241 0.7747973964244745 0.2159573109948971 0.7983531142721803 0.23782632312017465
0 0.8572566020327236 0.19688564205960668 0.8436788609603909 0.11811886344116242 0.8137608088662586 0.1344183040085751 0.8273385499385912 0.21318508262701938
0 0.900008610924217 0.08434096561186852 0.8748285234531594 0.0694194322956865 0.8489489891079065 0.20744361547037135 0.8741290765789641 0.22236514878655336
0 1 0.20538547294400145 0.9716174995272531 0.20538547294400145 0.9716174995272531 0.25812537518223144 1 0.25812537518223144
0 0.7473836239647744 0.01576135009418442 0.700393435626991 -0.01765389494601837 0.6951371880111539 0.005707205568812373 0.7421273763489373 0.03912245060901517
0 0.7700743699076434 0.10816846402678938 0.7621281947630884 0.07206732262930506 0.7390476340879502 0.08812336483809712 0.7469938092325052 0.12422450623558144
0 0.7723420125275545 0.09747052341865262 0.7664852257540327 0.09168604265468033 0.7587148579095971 0.11655121975687383 0.764571644683119 0.12233570052084611
0 0.7836356408158662 0.06597907747808159 0.7815828279247251 0.05016481520558777 0.7602688036490496 0.058909030293044395 0.7623216165401907 0.07472329256553821
0 0.7777763000314187 0.09110913889366731 0.755996372096853 0.08127552063749659 0.7388851699863435 0.20105393541106276 0.7606650979209092 0.2108875536672335
0 0.7954027133860254 0.10286467288354759 0.7848298180787432 0.0874859160729553 0.7655084638311498 0.12946811789488707 0.7760813591384319 0.14484687470547936
0 0.5736087037405472 0.19486513463900001 0.5685530483540513 0.15973088306415978 0.5441361941778896 0.17083518883936513 0.5491918495643855 0.20596944041420537
0 0.6192920613766133 0.2093367451832822 0.6028801817855596 0.17195413055921568 0.5926295335039518 0.18617725229412954 0.6090414130950054 0.22355986691819607
0 0.5727137023854373 0.0006742462328361842 0.536264133958099 -0.010595185551461809 0.5312598028898238 0.04056019870201699 0.567709371317162 0.05182963048631498
0 0.4156878021568253 0.14417514922342312 0.4096444355404795 0.10657197916616094 0.39470439593094414 0.1141605707138616 0.40074776254728994 0.15176374077112376
0 0.19884926102682968 0.24174599221840212 0.1771422890690216 0.24174599221840212 0.1771422890690216 0.2653288753330578 0.19884926102682968 0.2653288753330578
0 0.21211463277882348 0.21902066848973398 0.20463778688224515 0.21902066848973398 0.20463778688224515 0.24303233129738336 0.21211463277882348 0.24303233129738336
0 0.2715541723156368 0.4869707311414804 0.253104432324831 0.46666625538440304 0.24647886348882028 0.4856935299903826 0.2649286034796261 0.5059980057474598
0 0.3046308707457383 0.6143885481112458 0.2952801751331441 0.5894533598109946 0.28698699866721233 0.5992823096965432 0.2963376942798065 0.6242174979967945
0 0.5583167298970155 0.34336677291525963 0.5433630381038588 0.34336677291525963 0.5433630381038588 0.4029671502413894 0.5583167298970155 0.4029671502413894
0 0.6334116231672433 0.4057952372268465 0.6235754028654906 0.3515867342305212 0.6075435231155228 0.36078064376455304 0.6173797434172756 0.41498914676087834
0 0.592740185123112 0.524149794395242 0.5748901561736819 0.5058922305382908 0.5558028328829941 0.5648710495952312 0.5736528618324243 0.5831286134521823
0 0.6764450732697078 0.5049353968872972 0.6681614931662684 0.47057387942117807 0.6208885320137085 0.5065913736326522 0.6291721121171479 0.5409528910987712
0 0.6401756433809153 0.28782456177040255 0.6358527016705282 0.26202414775285443 0.5986163944959652 0.2817426650273276 0.6029393362063522 0.30754307904487566
0 0.7167979604702841 0.24542478746589325 0.7005666943841394 0.2438926325551068 0.6981859625280251 0.3236030621079762 0.7144172286141698 0.3251352170187626
0 0.6443487071999142 0.6517022449129306 0.6353041355508275 0.646342498750509 0.6280202405160963 0.6851899389357418 0.637064812165183 0.6905496850981634
0 0.7304900401967171 0.6598999587627437 0.7080041741696483 0.64590875323479 0.6897184272650274 0.7387887375122312 0.7122042932920962 0.7527799430401849