1 0.5362971474757303 0.5507840983366936 0.2585176042472113 0.5048463960973518 0.242172000109211 0.817229052956913 0.51995154333773 0.8631667551962547
0 0.007972622416602354 0.15650458794271493 1.0781034900520572e-17 0.15650458794271493 1.1785295685774543e-17 0.1856616070662892 0.007972622416602355 0.1856616070662892
0 0.04330674899236772 0.20045450647457322 0.03607109167309833 0.18759111568476106 0.03233266872480917 0.19423720092616406 0.03956832604407857 0.20710059171597622
0 0.056589714075597576 0.19514025417878217 0.04245171309429487 0.15858138295440347 0.03174473158277481 0.17166769369070575 0.045882732564077516 0.20822656491508446
0 0.06330411956395623 0.10605991817874548 0.04020676639577873 0.09579442788177785 0.03766719255234893 0.11385361965727886 0.06076454572052643 0.12411910995424652
0 0.06766679530057451 0.07996741274333242 0.05645152645570702 0.06002915701912356 0.04897468055912869 0.07332132750192949 0.060189949403996176 0.09325958322613835
0 0.10004936577756018 0.015458668888271791 0.09044979918559715 0.0017227036835116838 0.07795353165864671 0.029323887177381974 0.08755309825060975 0.04305985238214208
0 0.11589580808174565 0.004376205114059821 0.102535950082971 -0.006179732070157182 0.09523564427906213 0.023021491145478315 0.10859550227783678 0.03357742832969532
0 0.1580608806512157 0.009565484648843714 0.1457551548270927 0.004315041630551266 0.14298130374584786 0.02486208667680951 0.15528702956997087 0.030112529695101958
0 0.1425757111437319 0.030413091400697152 0.12850306703592157 0.02848862724920172 0.12730421793106225 0.0561953621170619 0.1413768620388726 0.05811982626855732
0 0.10388622583069751 0.15799775016772846 0.08439109500244649 0.10353516245705893 0.07251468570448497 0.11697110024869217 0.09200981653273599 0.1714336879593617
0 0.10179985274861107 0.11429689239140428 0.09226528088624537 0.09940113028993054 0.08429955948996096 0.11551569311459782 0.09383413135232666 0.13041145521607156
0 0.11967959437441036 0.03715976331360947 0.09005006002915697 0.02758254009090129 0.0881707186347654 0.045958322613840995 0.1178002529800188 0.05553554583654917
0 0.15099744876082657 0.07117742903696078 0.13459662550381604 0.07117742903696078 0.13459662550381604 0.08661349798473542 0.15099744876082657 0.08661349798473542
0 0.14252849727304945 0.10269052626739768 0.13787380637900404 0.08407176269121587 0.11929979944603426 0.09874752125553755 0.12395449034007967 0.11736628483171938
0 0.11544848311128486 0.1047679806161836 0.11063279765613646 0.0781330783457332 0.10023352692860389 0.0840755187614661 0.1050492123837523 0.1107104210319165
0 0.10230147500214386 0.09205900008575599 0.07914737158048195 0.0783380499099561 0.07644605951462136 0.0927450475945457 0.09960016293628327 0.10646599777034559
0 0.18324250625028848 0.026353459592461343 0.1666004944159689 0.006629593714749384 0.1604038032758767 0.02315410342166202 0.17704581511019626 0.04287796929937398
0 0.20172201401298379 0.06287416822533877 0.19199298829315536 0.03865970421154365 0.1701132731651125 0.06644346945350287 0.17984229888494088 0.09065793346729799
0 0.14568607165543143 0.11867215537003926 0.1288296952326083 0.10900541620282883 0.12338988123166213 0.1389848355858209 0.14024625765448528 0.14865157475303134
0 0.17174757423160558 0.08805447892020629 0.15684923719389693 0.06598286849397106 0.14457234321775952 0.09217357564306397 0.1594706802554682 0.1142451860692992
0 0.1629260345312198 0.09935481410274627 0.14218955621423238 0.0949810182995399 0.14046201740724082 0.12086667915350868 0.16119849572422823 0.12524047495671506
0 0.18399204613669484 0.0993053768973501 0.1627915701912356 0.08674213189263356 0.15996966383672057 0.10179229911671382 0.1811701397821798 0.11435554412143037
0 0.18357046562937487 0.09529413018360394 0.1720066864260526 0.07169069608957994 0.16604290638546826 0.08092493615242027 0.1776066855887905 0.10452837024644428
0 0.13825320449480788 0.14856588997459988 0.10745619202274799 0.1256703332276947 0.10125797133300095 0.15202025693289942 0.13205498380506087 0.1749158136798046
0 0.14198057002497588 0.18165936019009934 0.11185666726803854 0.15697813358344923 0.10502030836367918 0.18334899392730922 0.1351442111206165 0.20803022053395936
0 0.13145746340530226 0.17746202001411662 0.13052239384404282 0.16416325292064926 0.119984308312389 0.16650504970546123 0.12091937787364844 0.1798038167989286
0 0.119242427907972 0.18017401374769965 0.10701423512269115 0.1781231638046756 0.10474404976640427 0.22090354562981493 0.11697224255168512 0.22295439557283897
0 0.14340674226683847 0.22151150718456283 0.10950321900369007 0.21720629788130583 0.10881148526673792 0.23442278200100372 0.1427150085298863 0.2387279913042607
0 0.24345657618458416 0.03961254666784253 0.23055934724075466 0.022186957339290672 0.21308418297812443 0.06306453456181758 0.22598141192195392 0.08049012389036944
0 0.2236137634983144 0.04861702057482869 0.21225934739730715 0.03515993482548666 0.20639660967195042 0.050793902093104526 0.21775102577295768 0.06425098784244655
0 0.023294006808448134 0.27398297040101793 0.022646217723845997 0.2581321313185312 -0.0006477890846021388 0.26114084259146897 0 0.27699168167395577
0 0.021244477541767184 0.35489892104497955 0.014216979960287118 0.2734424157449794 -0.0017042599349219832 0.2777835854505579 0.005323237646558083 0.359240090750558
0 0.04159763683247129 0.33917952266470297 0.03612515118180553 0.3148573642172995 0.015956796010278863 0.32919930567260725 0.02142928166094462 0.35352146412001073
0 0.14699294243569394 0.3742108671856623 0.1405067155751406 0.34455954439456166 0.12985691431970128 0.35192236995387777 0.1363431411802546 0.38157369274497843
0 0.023303387888182876 0.3954094049389481 0.0004957765200240272 0.38290026584340947 -0.003148265158780021 0.40389888149444886 0.019659346209378828 0.4164080205899875
0 0.04684667160711942 0.36688743129089996 0.03436462912833273 0.34747092076834263 0.01864681777166606 0.37940552161998237 0.03112886025045275 0.3988220321425397
0 0.08006082752547979 0.39266261937291747 0.03421136348328942 0.3854172719687196 0.032919982408898193 0.4112448934565444 0.07876944645108858 0.41849024086074227
0 0.1700439685530135 0.25517371591785254 0.15170739852482285 0.22974700547876145 0.1429373355860208 0.24973575291762648 0.16127390561421145 0.27516246335671757
0 0.17570185963175594 0.2379923971250948 0.14936922971192743 0.19988833315841792 0.1416690843062335 0.21670642852069547 0.16800171422606203 0.25481049248737236
0 0.15814246833448303 0.2780540721234753 0.1490671720258665 0.2733088191516497 0.1460369524797394 0.2916248128526848 0.15511224878835594 0.2963700658245105
0 0.19311264917047036 0.2763598828592071 0.1675331701613658 0.24312842294994297 0.16100177418451841 0.25901766696379386 0.18658125319362298 0.29224912687305804
0 0.18112746795696363 0.2163688296953025 0.15040375380129686 0.17995553884414175 0.1437988973765279 0.19756848931019227 0.17452261153219467 0.233981780161353
0 0.16459343856261474 0.18978078276864474 0.15201911273437135 0.1758093096261522 0.1440653096512045 0.19843346061827138 0.1566396354794479 0.21240493376076394
0 0.1734765952253731 0.19788710560513995 0.16212960031135992 0.1557083770358788 0.15123121615114143 0.16497463603200657 0.16257821106515463 0.2071533646012677
0 0.182312940041182 0.162807167654787 0.1712269374338161 0.1609301725043335 0.16883673153284395 0.20554734932247978 0.17992273414020987 0.2074243444729333
0 0.1868073237167226 0.25451815073188677 0.17813227536591997 0.2249073190278138 0.17028248885253305 0.23217563987354245 0.17895753720333563 0.26178647157761537
0 0.21694235088907213 0.2623526010031212 0.2151186424643641 0.23749613062191532 0.17891659565501106 0.24589080814292474 0.18074030407971908 0.2707472785241306
0 0.21346432054230047 0.2790338650250781 0.1994834180598065 0.25500742520331066 0.19148055663879265 0.26972533126494525 0.20546145912128663 0.29375177108671274
0 0.2201163703081574 0.2910041019367827 0.20201868686969793 0.27799772896919017 0.190811864317421 0.3272815334096126 0.20890954775588047 0.3402879063772052
0 0.22935939625458956 0.2596988786427587 0.21873824789602905 0.25403426618485975 0.21206020086558414 0.29360787821712603 0.22268134922414465 0.299272490675025
0 0.22189275714628257 0.31813705328393344 0.20814101403393187 0.30113006663291036 0.20145532812024602 0.3182157084123297 0.21520707123259672 0.3352226950633528
0 0.25591447989023225 0.3288740245261983 0.2305896792727895 0.2838521567618556 0.21322410170654305 0.31472429465740487 0.23854890232398582 0.35974616242174756
0 0.2506910747159568 0.33457961124391794 0.2421702519847491 0.3290712005893998 0.2360155420119594 0.359160893789705 0.2445363647431671 0.36466930444422313
0 0.006525490952748501 0.43349626961667065 2.9861989820346024e-17 0.43349626961667065 3.06151854092865e-17 0.45536403395935143 0.006525490952748502 0.45536403395935143
0 0.04076095444807512 0.45690531263860135 0.03110206130501908 0.43898736593843934 0.009493310939780286 0.47580227396810554 0.019152204082836327 0.4937202206682674
0 0.019549674127433345 0.533401938084212 3.705426926767961e-17 0.533401938084212 3.7674547987983537e-17 0.5514106851899491 0.019549674127433345 0.5514106851899491
0 0.04713199982848814 0.5023068347483061 0.02204356401680819 0.49593516851041897 0.02052889975130779 0.5147843238144237 0.04561733556298774 0.5211559900523108
0 0.06755758414855038 0.4707527252508763 0.04152502027120873 0.4390177902384979 0.033512363437477044 0.45979134499261715 0.059544927314818696 0.49152628000499554
0 0.07354309096370895 0.4538747222446334 0.05855800184096166 0.4427746562277839 0.05476177926319915 0.45897187255957106 0.06974686838594645 0.47007193857642054
0 0.17279766372532626 0.5119651636391284 0.16895605184963186 0.4942083798581403 0.1420784443607513 0.512586231132588 0.1459200562364457 0.530343014913576
0 0.13714958985649506 0.5163241501929392 0.12306723762947906 0.4921829749466261 0.11421371985342924 0.5085055097765452 0.12829607208044522 0.5326466850228582
0 0.15630932640645331 0.545703128421453 0.15574445244629498 0.5165807375866239 0.14163921738234167 0.5174454263261766 0.1422040913425 0.5465678171610056
0 0.05066926136682243 0.5860326578542632 0.04176555696468073 0.5750004584603636 0.0314594408596201 0.6012885227283444 0.040363145261761796 0.6123207221222439
0 0.023804171194994117 0.6669453916203592 0.012546015304203767 0.6520628151721348 0.002945647962359771 0.6750154175526355 0.014203803853150121 0.6898979940008597
0 0.04025480561456872 0.6922601405940401 0.026697091153328176 0.6831265224306778 0.010159327186790357 0.7607110941255466 0.0237170416480309 0.7698447122889087
0 0.00531954806620363 0.7477917845810818 0.0002545879427150814 0.7477917845810818 0.0002545879427150822 0.7700883286167562 0.005319548066203631 0.7700883286167562
0 0.07125629644274009 0.711417453578123 0.06021665820618147 0.6976792371059611 0.03697676287446999 0.7567011935039585 0.04801640111102862 0.7704394099761203
0 0.19752797486447837 0.14124183716572913 0.19067877705608482 0.12322083670986711 0.15678645982912745 0.16393232887438056 0.16363565763752097 0.18195332933024258
0 0.22640687463069137 0.24472747819978283 0.21500823638800665 0.19068948949372258 0.2037483641761026 0.1981960709683254 0.21514700241878731 0.25223405967438567
0 0.2272130391904638 0.2195352028127947 0.22118332475773933 0.2195352028127947 0.22118332475773933 0.2461195437784065 0.2272130391904638 0.24611954377840656
0 0.20261180430494802 0.24783466255038147 0.20048987442443275 0.18559138605526826 0.1786875745019426 0.18794045540718643 0.18080950438245785 0.25018373190229964
0 0.21172327497547805 0.22478227693910113 0.20620234520583594 0.20375016353094114 0.19515080291344833 0.21291885046981102 0.2006717326830904 0.233950963877971
0 0.1696041741249794 0.12900937984550018 0.15414724562457263 0.1205543078452777 0.1517275375192458 0.13453484356494386 0.1671844660196526 0.14298991556516633
0 0.17550722744371697 0.15474998747623658 0.17082888544563757 0.13619656280009262 0.14723467257052966 0.15499961367374185 0.15191301456860906 0.1735530383498858
0 0.1746424462914239 0.10979282374127922 0.15949012861107148 0.10305846032778954 0.15656749055662164 0.12384166427054481 0.17171980823697405 0.1305760276840345
0 0.31688695665023675 0.10547980447646 0.28336174440428874 0.10547980447646 0.28336174440428874 0.14021095960895288 0.31688695665023675 0.14021095960895288
0 0.28549867519924627 0.11361804304948116 0.27901552624118103 0.1119715290283852 0.2772500258552793 0.1339422004973844 0.28373317481334454 0.1355887145184804
0 0.2625706444382665 0.06542280447130325 0.23848401680678635 0.050435569500604335 0.234569671232509 0.07031795971915586 0.2586562988639891 0.08530519468985477
0 0.23923651014145317 0.06785105236115357 0.23137912731894156 0.0633450263697491 0.22664401132898307 0.08944077671440959 0.23450139415149468 0.09394680270581406
0 0.2662673483005408 0.08309756434582852 0.23866722884066305 0.07053165629905495 0.23553635537423867 0.09226555041518622 0.26313647483411634 0.10483145846195979
0 0.25186251620773614 0.1122545236257611 0.23975484962682558 0.06920504244918953 0.23020378196539001 0.07769488037046544 0.24231144854630055 0.12074436154703701
0 0.2676746364466055 0.11642028627428504 0.24961416231793856 0.10707991985622695 0.24515176932892171 0.13435009923355198 0.2632122434575887 0.1436904656516101
0 0.23489037419227987 0.09988057929060863 0.20755955947275784 0.06428696012099855 0.20071150164103543 0.08090588000891745 0.22804231636055747 0.11649949917852753
0 0.22605533843567555 0.12897693165251656 0.21896439426279143 0.10376468570448494 0.19156537188049155 0.12811937226652997 0.19865631605337566 0.15333161821456157
0 0.23052894675752394 0.13584662426932564 0.21800195462320346 0.12359800973799004 0.20966081108010712 0.15055928179648312 0.2221878032144276 0.16280789632781872
0 0.19020506830446887 0.12319698139096122 0.17584952418303845 0.10405625589572073 0.16103089799317488 0.13918188834576795 0.1753864421146053 0.15832261384100843
0 0.20642711247865086 0.11874895509217757 0.190430443897175 0.07638136120745243 0.1723020801537652 0.09801399008847721 0.18829874873524105 0.14038158397320236
0 0.2075450427755854 0.08349659944720349 0.1925171391124874 0.07815334481143583 0.18882509858291185 0.11097148285211073 0.20385300224600983 0.11631473748787835
0 0.19670130596749397 0.15626425282817066 0.19617007660422361 0.12982083563426886 0.18274094241693592 0.1306734790747316 0.18327217178020627 0.1571168962686334
0 0.21010665645558566 0.1959208771891245 0.20845235740944723 0.16886389723450504 0.17808580304260543 0.17473183044548898 0.17974010208874386 0.20178881040010843
0 0.21799963995355554 0.18437526798730805 0.20947200130650556 0.16401722270927124 0.20306793186007788 0.1724954233948493 0.21159557050712785 0.1928534686728861
0 0.2345166527719943 0.1855236187346841 0.21466561858331107 0.15176727074233398 0.20578711705532313 0.16826872812768537 0.22563815124400635 0.20202507612003545
0 0.23705353756096487 0.18008747105737077 0.2270349351188996 0.16821357186677474 0.22414067219119185 0.17593160634066202 0.23415927463325711 0.18780550553125805
0 0.24850999498314136 0.1863047766057799 0.2292149087984232 0.15200240116628064 0.22161746861319037 0.16550896149558336 0.24091255479790852 0.19981133693508263
0 0.24536310022445673 0.19906331980642936 0.22923163355378393 0.1886348969082167 0.22147134706635346 0.2265740752912103 0.23760281373702624 0.23700249818942293
0 0.2547974177587439 0.12492466986900484 0.22479587150868663 0.10068099613158484 0.2190139535594988 0.12329471966618616 0.2490154998095561 0.1475383934036062
0 0.2507844487744437 0.14844595676929864 0.2405498617863703 0.12185352562080011 0.2253149350106156 0.14038489854101632 0.23554952199868906 0.16697732968951484
0 0.26787743774105244 0.17554240631163687 0.2610035632877465 0.1388817425606722 0.25007772073564977 0.14535631592487774 0.2569515951889557 0.1820169796758424
0 0.2890457885689529 0.18655154732535756 0.2675377721678628 0.14332770760142777 0.2593673840137113 0.15617686504043524 0.28087540041480147 0.199400704764365
0 0.2778945815360188 0.1938894458096394 0.26966489460433674 0.16985353477107593 0.26473732880143935 0.1751857798911195 0.2729670157331214 0.199221690929683
0 0.27428253547417003 0.2035321192182475 0.2587899158634859 0.168339008003854 0.24777328122208797 0.18366649967884247 0.2632659008327721 0.21885961089323594
0 0.2778767834823828 0.23222856027607483 0.2708033046892351 0.20288672231931362 0.2614884354966124 0.20998376551369274 0.2685619142897602 0.23932560347045395
0 0.2693963375132762 0.23491898155410654 0.25971938117978177 0.22115619921313676 0.25466030370452025 0.23239859360260676 0.26433726003801467 0.24616137594357657
0 0.2626920967701282 0.24805474416271447 0.2603186304164328 0.18476230806416957 0.2424215842152311 0.18688343946579353 0.2447950505689266 0.2501758755643384
0 0.30197170811254964 0.17844461363467173 0.2873872674611005 0.16307993541750732 0.2828818158646688 0.17659629020680237 0.29746625651611797 0.19196096842396682
0 0.3094460281873842 0.16105600233781237 0.2876654154576357 0.135687012798182 0.27949911535836713 0.1578458621903493 0.30127972808811565 0.18321485172997967
0 0.3093327640719697 0.2236293096055521 0.3086890400759795 0.2041745399489603 0.29611978845918435 0.20548897149058595 0.2967635124551745 0.22494374114717777
0 0.26722539689756875 0.28412716718563785 0.25750965565576367 0.2687738970751309 0.24598583176889047 0.29182154484887707 0.2557015730106955 0.30717481495938403
0 0.10351458835990596 0.9491560202597312 0.09017751189573914 0.9319121234171723 0.07318740627687118 0.9734434927077389 0.086524482741038 0.9906873895502978
0 0.11386477676206921 0.7627137352555388 0.10104362347264019 0.7622235597414865 0.10048225308699327 0.8086301782882989 0.11330340637642229 0.8091203538023511
0 0.12664570787292903 0.7514828456863127 0.11311162159950913 0.7483347300837726 0.10857802196986877 0.8099341155277754 0.12211210824328866 0.8130822311303154
0 0.18383356294379977 0.7406248301113888 0.16434333017906405 0.7373560279705527 0.16224165342654276 0.7769609587736198 0.1817318861912785 0.780229760914456
0 0.15451734582177595 0.9348233383783379 0.12300532867357603 0.9286671445520717 0.11938649278327604 0.9872118673995912 0.15089850993147597 0.9933680612258574
0 0.18321638811355567 0.9517922114835525 0.17025038048029018 0.9251257382682962 0.1437882420796805 0.9657907193133011 0.156754249712946 0.9924571925285571
0 0.17758248845328306 0.9366273366706503 0.16545419238833547 0.9108734240389096 0.15771790580589506 0.9223878970918441 0.16984620187084265 0.9481418097235849
0 0.20822203930632463 0.914924108867912 0.16556359381291105 0.8400231346133586 0.14548842698929199 0.8761584348958731 0.18814687248270556 0.9510594091504263
0 0.22300342824835975 0.9487948847746429 0.20972562409547355 0.8956836681630987 0.19560490316209536 0.9068407809993483 0.20888270731498157 0.9599519976108924
0 0.203094181459566 0.9698139305497485 0.18162839807906692 0.9698139305497485 0.18162839807906692 1 0.203094181459566 1
0 0.22265201777840052 0.8440486568554809 0.19608617406565673 0.8227959818852862 0.18567946360106116 0.8639089121157877 0.21224530731380495 0.8851615870859825
0 0.22518705514106843 0.9495755290404441 0.216793692650716 0.9421147623823529 0.21168049481176562 0.9602950213652875 0.22007385730211806 0.9677557880233787
0 0.27183292599262493 0.9445159286631178 0.2563968570448503 0.9445159286631178 0.2563968570448503 0.9981133902873354 0.27183292599262493 0.9981133902873354
0 0.409438020926168 0.7644882141888787 0.3975731940913106 0.76132426036625 0.39560594447296643 0.7846398113984767 0.40747077130782383 0.7878037652211054
0 0.4038171650529343 0.7631669034801184 0.40259309816925065 0.7490221306019955 0.38457784501325865 0.7539493793284205 0.38580191189694224 0.7680941522065434
0 0.47175139807722066 0.9624039135498533 0.4414010326885397 0.8879443504629555 0.42846514027800403 0.9046089461609079 0.45881550566668505 0.9790685092478056
0 0.504379124013312 0.949916235066769 0.486113978239805 0.9445043400227665 0.48431484182528384 0.9636951284443241 0.5025799875987909 0.9691070234883268
0 0.5231262145310664 0.9066225782343528 0.5088092584629083 0.8954425668498721 0.49235076044433 0.9620547384995315 0.5066677165124882 0.9732347498840122
0 0.5492215566749018 0.8955683075228441 0.49192134465418813 0.8523519859988047 0.48519696957973574 0.8805303196441294 0.5424971816004494 0.923746641168169
0 0.5143767041740144 0.9824912471331674 0.4975230834935652 0.9658456958438352 0.49165264453642216 0.984631100506693 0.5085062652168714 1.0012766517960252
0 0.5252976685929289 0.9722701979313327 0.5124633804972114 0.9711836973518007 0.5116981257155243 0.9997532092014454 0.5245324138112418 1.0008397097809774
0 0.521366622188101 0.8038761893611714 0.5078600618587982 0.8038761893611714 0.5078600618587982 0.8381785648006708 0.521366622188101 0.8381785648006708
0 0.5811813893607276 0.7897264594923781 0.544038348455145 0.7897264594923781 0.544038348455145 0.8064488675191339 0.5811813893607276 0.8064488675191339
0 0.5925766188885642 0.8231290785585489 0.5891407064949576 0.7945510135704574 0.5371702197871162 0.8142989169166093 0.5406061321807227 0.8428769819047007
0 0.5942056019773775 0.9668124726987924 0.5534447324121601 0.9668124726987924 0.5534447324121601 1 0.5942056019773775 1
0 0.659230030643092 0.940742667364773 0.6364618289451245 0.9205042658554685 0.629949737357782 0.9436583692771305 0.6527179390557496 0.9638967707864351
0 0.6787464913801864 0.9978785573992413 0.6750136706115659 0.9536377186600338 0.6554237328653453 0.9588617020590257 0.6591565536339657 1.0031025407982332
0 0.6976452944482516 0.9982433091066333 0.6876872311009774 0.9675577213105887 0.6770733275601328 0.9784437762242756 0.6870313909074071 1.0091293640203203
0 0.8598964753376643 0.9063300754001617 0.8548582240163606 0.8555743583855505 0.84052126274639 0.8600722285878946 0.8455595140676938 0.9108279456025057
0 0.8705189188466592 0.9693096856307881 0.8579964079127771 0.9652620053289271 0.855117581054017 0.9934105346145802 0.8676400919878992 0.9974582149164412
0 0.7036087053143721 0.7507075074299479 0.6886550135212155 0.7507075074299479 0.6886550135212155 0.8484692774325204 0.7036087053143721 0.8484692774325204
0 0.736114554516599 0.8921158141061282 0.6910395949270625 0.8692205965368403 0.6840769812802184 0.9125435258949817 0.7291519408697551 0.9354387434642695
0 0.8272444640484196 0.9010204733493699 0.8196967518989879 0.8557342004527775 0.8095631818879153 0.8610720480306262 0.817110894037347 0.9063583209272186
0 0.8269737416389854 0.797641821645048 0.8138919736482648 0.7852383675501426 0.7971272811189126 0.8411206759813162 0.8102090491096332 0.8535241300762216
0 0.7813331818480694 0.8200811443654067 0.74982656900573 0.7945463731729224 0.742711182087142 0.8222938318375235 0.7742177949294815 0.8478286030300077
0 0.7487103755761915 0.806553621696438 0.7400091822493229 0.7707820491304219 0.7345669289790533 0.774965883476335 0.7432681223059218 0.8107374560423509
0 0.736781619638408 0.8160265532457802 0.7334361443722515 0.790254003047241 0.7052346957231966 0.801823828134033 0.7085801709893532 0.8275963783325723
0 0.7463136458272572 0.7610030741715291 0.7369782826670376 0.7367470878407024 0.7073125427308208 0.7728317305701362 0.7166479058910404 0.7970877169009629
0 1.0028251196913889 0.8514841833252145 0.9760762843209481 0.8350864298414196 0.9731056407385771 0.8504017478660877 0.9998544761090179 0.8667995013498826
0 0.9779545964628286 0.8769542831593594 0.9631188402939638 0.8690881512335675 0.9489095063514674 0.9537869261064861 0.9637452625203322 0.961653058032278
0 0.9547754430494013 0.9379909106291487 0.9379915555813707 0.9356956781548875 0.9353101061042289 0.9976669549599241 0.9520939935722595 0.9999621874341851
0 1.0000188693957675 0.9999808717541792 0.9997954736775474 0.9220318794336121 0.9790943454238314 0.9222193846274435 0.9793177411420515 1.0001683769480105
0 0.7958964882235203 0.6720696593532582 0.7861473517755445 0.6704520248611496 0.78330511824837 0.7245898063311382 0.7930542546963458 0.7262074408232468
0 0.7563208419229034 0.6872017583054695 0.7514188470543532 0.6588791212871805 0.7386397636230959 0.6658693891470135 0.743541758491646 0.6941920261653026
0 0.7889844961007221 0.6223112380822259 0.7728806708546527 0.621237649732488 0.7716634004970875 0.6789452814985482 0.7877672257431568 0.6800188698482861
0 0.8986338360335561 0.5135065550951756 0.8876838746237286 0.4745733589713439 0.877650429807675 0.48349197658561366 0.8886003912175024 0.5224251727094454
0 1.0024172808496097 0.4587513882998748 0.9920220531675925 0.40331017399578417 0.9789978699929078 0.4110282084696715 0.989393097674925 0.4664694227737621
0 0.8514598608249924 0.5446987634827436 0.8245462640774697 0.5078938448536529 0.8116529862272723 0.5376916425518871 0.838566582974795 0.5744965611809777
0 0.8146462983892214 0.5486261341848524 0.8120641618556786 0.5302642743907676 0.7881723051387184 0.5408828773760814 0.7907544416722612 0.5592447371701663
0 0.8141284726688517 0.6453042895762428 0.7921593649897815 0.5914336807080249 0.7827963868718795 0.6035015191710988 0.8047654945509497 0.6573721280393166
0 0.8097799641529284 0.5123059719547931 0.7825256549170139 0.5045879374809057 0.7808508376045739 0.5232797257580146 0.8081051468404884 0.5309977602319019
0 0.7903547022155257 0.2972418384233002 0.7782450532627467 0.27725130681871263 0.7595354275697976 0.31307144489752115 0.7716450765225765 0.3330619765021087
0 0.7449002368568133 0.34722579015220334 0.7333231851459823 0.34722579015220334 0.7333231851459823 0.41025640502228305 0.7449002368568133 0.41025640502228305
0 0.9299048012284898 0.3908833804292803 0.905702926655789 0.3721286514156772 0.901335414606132 0.3899412495789841 0.9255372891788328 0.4086959785925871
0 0.8079010857371466 0.4617392867726864 0.7821660058910107 0.4066031612903667 0.7659341439617504 0.43054803562572946 0.7916692238078862 0.4856841611080491
0 0.8037966411891453 0.51229226911018 0.7813475143310129 0.44817527291063214 0.7740623341638998 0.45623687817492037 0.7965114610220322 0.5203538743744682
0 0.8109919938174497 0.36665938958544153 0.790721501462037 0.32079484122572005 0.7794731357619237 0.3365068441084181 0.7997436281173365 0.38237139246813956
0 0.8124897887568115 0.3370460610279615 0.7961457157532856 0.3297820285819497 0.7942020195714427 0.3436038680972774 0.8105460925749686 0.3508679005432891
0 0.8355169867185188 0.3170723241724939 0.831783746599649 0.2916960514690652 0.8030374770969647 0.3050618383147577 0.8067707172158345 0.33043811101818643
0 0.8494796039779864 0.3156676099819911 0.8441252175617271 0.2966297916130692 0.8206816878472944 0.31746848469256483 0.8260360742635537 0.33650630306148677
0 0.8595854053672324 0.35953177257525026 0.8397039814342284 0.3443840210072482 0.8343645653434574 0.3665327099763735 0.8542459892764613 0.3816804615443756
0 0.8636980864527254 0.30459622259875974 0.8563917359297621 0.2990294793431686 0.847110134127113 0.3375309386726754 0.8544164846500762 0.34309768192826656
0 0.926649673227175 0.3587247026324032 0.9041063905811833 0.32411279392340525 0.8939542067732238 0.34501085649885394 0.9164974894192155 0.3796227652078519
0 0.8909383620295077 0.28656220577359537 0.8775223627373996 0.2643678365743056 0.8569924598552687 0.30358914357300354 0.8704084591473766 0.3257835127722932
0 0.874098019419694 0.27050712302922875 0.852001180994455 0.2557758974124027 0.8480760846952349 0.274383761349446 0.8701729231204739 0.289114986966272
0 0.8538106497939124 0.26763122809922407 0.8473344443962735 0.2460438767737606 0.8236370407537529 0.26851252615333554 0.8301132461513918 0.290099877478799
0 0.9143221751959756 0.29664022138938506 0.9043487015937393 0.271817353757153 0.8955420592168628 0.28300039169604385 0.9055155328190992 0.3078232593282759
0 0.9266027330038825 0.2682632420560108 0.9054606901269954 0.2637529395756082 0.9041105666871381 0.2837547683142357 0.9252526095640252 0.28826507079463837
0 0.9397741324613322 0.2854895772002011 0.9272946469796974 0.28157444450008035 0.9243858156144341 0.310878227142733 0.9368653010960689 0.3147933598428537
0 0.823021805312014 0.2873346845122682 0.8177421285282386 0.20285985597185524 0.8035002371705549 0.2056730690795457 0.8087799139543302 0.29014789761995863
0 0.8025431303040136 0.2281777281369418 0.7977852444179769 0.20985105657591183 0.7691838087380685 0.23331890123634955 0.7739416946241051 0.2516455727973795
0 0.8376952864722907 0.21189736404208584 0.817281470228234 0.2100828025981697 0.8166745892444316 0.23166079313336596 0.8370884054884883 0.23347535457728208
0 0.8735755290244844 0.18250831902896156 0.8706970817411904 0.1607600506662955 0.8467007952544987 0.17079771298752602 0.8495792425377927 0.19254598135019207
0 0.9000197427047084 0.18142988132697432 0.8829992503336885 0.17317752138951015 0.8789250186739153 0.19973547591247626 0.8959455110449351 0.20798783584994043
0 0.9633447313255548 0.2397307263528002 0.9540589710991597 0.19020667181202316 0.9436396245594116 0.19638109939113274 0.9529253847858067 0.2459051539319098
0 0.9752353281868877 0.2049566932510077 0.9571461848887143 0.2049566932510077 0.9571461848887143 0.25426635794528774 0.9752353281868877 0.25426635794528774
0 0.9400217958997769 0.15693336763570886 0.9079437151176827 0.15693336763570886 0.9079437151176827 0.18480404768030195 0.9400217958997769 0.18480404768030195
0 0.9138621117454953 0.1516560791065552 0.9025162585525585 0.10324710548335661 0.8897746513441881 0.11268533304511201 0.9011205045371249 0.1610943066683106
0 1.0005360475735225 0.17520968397264325 0.9934433725621743 0.17319221196941526 0.9915379451745101 0.1943636273879049 0.9986306201858584 0.1963810993911329
0 1 0.12305977188920345 0.9868123798977186 0.12305977188920345 0.9868123798977186 0.15907726610067754 1 0.15907726610067754
0 0.9926101367849364 0.12262258863746729 0.992479341537225 0.0984400006161552 0.9597085543179248 0.09900018501306632 0.9598393495656362 0.12318277303437838
0 1.0011538381571632 0.09523433159499604 0.9841593055473199 0.08832861675671058 0.9823959532179485 0.10204357931848859 0.9993904858277918 0.10894929415677407
0 0.7762618456886657 0.20479274807427472 0.760407243621443 0.18788117253590453 0.7538100266538742 0.20742848206944262 0.769664628721097 0.2243400576078128
0 0.7950674609370808 0.17194065689048973 0.7779430719481433 0.1719406568904897 0.7779430719481433 0.19595231969813914 0.7950674609370808 0.19595231969813917
0 0.7562360999903353 0.12348855158219724 0.7475782085701977 0.11370562342384982 0.7284675084557584 0.16715895944764458 0.7371253998758959 0.176941887605992
0 0.7933940086849303 0.13620803685860666 0.7675174478974791 0.11529768470713181 0.7616777107687995 0.13813754547707927 0.7875542715562507 0.15904789762855412
0 0.8109891444700412 0.10608412484913583 0.7947210558663149 0.08583939236449852 0.7760475563506344 0.13326415303924233 0.7923156449543607 0.15350888552387965
0 0.7900752135582698 0.09213662008200513 0.7783479314031441 0.08786644505363264 0.7730241757345965 0.13407525242507837 0.7847514578897222 0.13834542745345085
0 0.8274934858962762 0.07423512029027703 0.8218196234628601 0.062130880432322594 0.7984520088416132 0.0967495687600955 0.8041258712750292 0.10885380861804991
0 0.8188109568204509 0.09019605003088839 0.811172779690525 0.08422129814259084 0.8041453334219085 0.11261502044003151 0.8117835105518344 0.11858977232832905
0 0.8161306306790277 0.11676395274633815 0.8086517941665523 0.10238287936180474 0.7842119843422795 0.14255229425117547 0.7916908208547551 0.15693336763570886
0 0.8247268089996938 0.1208505600765631 0.8162553756703177 0.10635499637963047 0.7901115433255494 0.15464374876246337 0.7985829766549255 0.169139312459396
0 0.74803568836183 0.0643169539490611 0.7381469566921619 0.0643169539490611 0.7381469566921619 0.12263099219620965 0.74803568836183 0.12263099219620965
0 0.7732408975537256 0.013022511736172816 0.7605722293505837 0.012295993129541018 0.7595264938454321 0.0699276387467796 0.7721951620485741 0.07065415735341139
0 0.8478381285052683 0.03329621370503756 0.8255958398061983 0.029021419480591608 0.8232233104363372 0.06803634689608404 0.8454655991354072 0.07231114112053
0 0.9173500696327328 1.9737298215558337e-16 0.9070088425790869 -0.001225626910061845 0.9055713159700812 0.037108415996745824 0.9159125430237272 0.038334042906807864
0 0.8747424662270552 0.020142496938918935 0.8428028191254282 -0.0035165009141378237 0.8380860839301254 0.01660823591915417 0.8700257310317524 0.04026723377221093
0 0.881412971613695 1.9005895035412204e-16 0.860188376810505 1.8774849416843972e-16 0.860188376810505 0.01800874710573725 0.881412971613695 0.018008747105737254
0 0.38543274590515375 0.16550896149558333 0.36444933967927257 0.128205128205128 0.35745487093731215 0.1406397393019465 0.37843827716319334 0.17794357259240184
0 0.39278653392231316 0.09111768537259983 0.36984247442434554 0.07590806401048195 0.36618772231794505 0.09333274071978542 0.3891317818159127 0.10854236208190332
0 0.48471512716755777 0.13288688307735516 0.47478672304780234 0.13149342285002102 0.4736841941211084 0.15632074090297993 0.48361259824086383 0.15771420113031404
0 0.48804601027888395 0.057190339741371776 0.483255506122678 0.03731861879711026 0.4755998480049912 0.043151501172490656 0.4803903521611972 0.06302322211675218
0 0.49957931714773884 0.03565127668009163 0.4932345984165361 0.03212643294053466 0.4901918457241507 0.04943631492388342 0.49653656445535344 0.052961158663440394
0 0.54070996375346 1.1611909624753596e-16 0.5259974605376124 1.1451753002791526e-16 0.5259974605376124 0.021010204956693354 0.54070996375346 0.021010204956693354
0 0.576888250349807 0.06474573364205484 0.5536232001825829 0.058837149472600915 0.5520506506585283 0.0784066546608352 0.5753157008257523 0.08431523883028912
0 0.5348911509389923 0.15956663728471387 0.5312769598775728 0.14915333583571963 0.5151800342279715 0.16681048359320183 0.5187942252893911 0.17722378504219607
0 0.5392628322896063 0.1380670611439843 0.5290176121373791 0.13416412013361187 0.526705731384149 0.1533441678641124 0.5369509515363762 0.1572471088744848
0 0.40979280399014656 0.2535803104364977 0.3866090158205081 0.2484283575099113 0.3851359102021748 0.2693791929706515 0.40831969837181326 0.2745311458972379
0 0.4210804294082067 0.30314724294657397 0.3964791945226909 0.30314724294657397 0.3964791945226909 0.3198696509733298 0.4210804294082067 0.3198696509733298
0 0.44859011478480143 0.347412440664457 0.4413260823387897 0.29575709882615225 0.43116778696507035 0.30027189677002764 0.43843181941108206 0.35192723860833236
0 0.5066275227254534 0.29531092441944673 0.5027019707085624 0.27786402656659803 0.4844464904605208 0.29084570140965016 0.48837204247741184 0.3082925992624988
0 0.4841634994989252 0.2803108582482451 0.4663867151779224 0.2664844704430207 0.4634971969435388 0.2782260048557542 0.4812739812645416 0.2920523926609786
0 0.5291329120426291 0.17880113197838948 0.5141792202494724 0.17880113197838948 0.5141792202494724 0.20838693079495751 0.5291329120426291 0.20838693079495751
0 0.5951300577182466 0.024548394093937966 0.5789131052825256 0.0011239072423412625 0.5714249093352504 0.017508335981678533 0.5876418617709713 0.040932822833275234
0 0.29778481691107095 0.31746848992669185 0.286448953777549 0.2771631987852803 0.28037100162936274 0.28256582291700144 0.2917068647628847 0.3228711140584129
0 0.2993377002895911 0.3616294999997163 0.2948014997394336 0.3213077173316512 0.282973982967551 0.3255130566283207 0.2875101835177085 0.36583483929638577
0 0.29860485807392145 0.2882257148645189 0.2935398979504329 0.2882257148645189 0.2935398979504329 0.3023754447333123 0.29860485807392145 0.3023754447333123
0 0.3358094436509554 0.3242698229879719 0.3336171226516917 0.2775003083370134 0.31844719282370626 0.27974770534856686 0.32063951382296996 0.3265172199995253
0 0.28254946392080316 0.3817210223413908 0.2800156896764489 0.36426613310250605 0.25104929450053426 0.37755537533375005 0.25358306874488845 0.3950102645726348
0 0.37135731320730153 0.3882614957906239 0.3591016067410081 0.38644583557339524 0.35734176181140187 0.42398919407166086 0.3695974682776953 0.4258048542888895
0 0.4148577523368491 0.40399623197282863 0.3958038547294399 0.3701226362263231 0.3873622545236256 0.3851299254811039 0.40641615213103477 0.4190035212276095
0 0.37601438652878966 0.4507138167130833 0.3673588815213801 0.4367251217516133 0.34967899485891185 0.4712991223359952 0.3583344998663215 0.48528781729746523
0 0.224463492353338 0.48597890927323184 0.2170348841722216 0.47937570200112817 0.20926861198287233 0.5069891142299249 0.21669722016398874 0.5135923215020285
0 0.22687502450105612 0.5352955464596868 0.22024454878363173 0.5052373898740294 0.2085751526291726 0.513372916604807 0.215205628346597 0.5434310731904644
0 0.3136351656534786 0.4659422864429829 0.29912838210651216 0.45046838399288514 0.294297516778647 0.46478205903841147 0.30880430032561346 0.4802559614885092
0 0.30394559525075604 0.44803109742499697 0.2890692658314532 0.4404748666088431 0.2870760470227488 0.4528771169741149 0.30195237644205164 0.4604333477902688
0 0.30501548706604076 0.4355337176678509 0.29918953539690485 0.41136680704032436 0.2612314434369677 0.4402872580574193 0.2670573951061036 0.4644541686849458
0 0.2814726258829427 0.48284880508237676 0.25314677922455625 0.4360050276628231 0.2408922456531949 0.45942480293253596 0.26921809231158134 0.5062685803520897
0 0.3283230877202047 0.5115919919679721 0.3163303244615176 0.5064456721021755 0.30887515843705704 0.5613535615521714 0.32086792169574413 0.5664998814179681
0 0.2875584241773667 0.3962781974989413 0.27501661815729983 0.3962781974989413 0.27501661815729983 0.4275791150874843 0.2875584241773667 0.4275791150874843
0 0.23645629820509412 0.6120639207583731 0.2048695976875764 0.599301617518972 0.20185592509094552 0.6228752342748398 0.23344262560846324 0.635637537514241
0 0.30024756258628754 0.6346060061490564 0.2914119846591677 0.6203262842466404 0.2626330580363724 0.6766050740867734 0.27146863596349224 0.6908847959891893
0 0.32524915391339626 0.6327928337080445 0.28799781423707826 0.5677300649946315 0.27911754168227587 0.5837991296176073 0.31636888135859387 0.6488618983310203
0 0.4550655200537038 0.6985883466999739 0.4535263744505297 0.6867882304089725 0.43256546697971754 0.695429119801127 0.43410461258289157 0.7072292360921284
0 0.48581828107061087 0.7396651587503604 0.4773908684281675 0.6797368910707648 0.46047929288979694 0.6872531468655964 0.46890670553224023 0.7471814145451919
0 0.5064288312103363 0.7260066492328665 0.5039169404173872 0.685816396545673 0.49038979081928963 0.6884884260959139 0.49290168161223874 0.7286786787831074
0 0.5270828091355028 0.6890060991398944 0.5071847515075121 0.6536317744679111 0.4985019627243889 0.6690678434156857 0.5184000203523795 0.704442168087669
0 0.5277391981831455 0.6483770649416923 0.5243593206702521 0.607818534786969 0.5140273847558378 0.610539703093646 0.5174072622687311 0.6510982332483691
0 0.6125330845633996 0.6424633245821683 0.575937683603942 0.6280058822278143 0.5724986182427834 0.655518405117083 0.6090940192022409 0.6699758474714369
0 0.5690425278055802 0.7312913435695437 0.5199535585415179 0.7094740238966222 0.5156405392766976 0.7401443831131144 0.56472950854076 0.761961702786036
0 0.5760440903292252 0.7811937331335496 0.5537341469281456 0.7415316115316273 0.5433630381038591 0.7599691383303573 0.5656729815049387 0.7996312599322796
0 0.5703608638770741 0.565462119938847 0.5670395206880826 0.5379072727412884 0.5491186211292028 0.544734282097052 0.5524399643181943 0.5722891292946106
0 0.5197554697229663 0.5720202553623266 0.48847095261952583 0.5283212473448226 0.481440724056955 0.5442280271227607 0.5127252411603954 0.5879270351402647
0 0.4687739685069636 0.571057350673049 0.459587344510743 0.5398785055949666 0.45216113963217613 0.5467939133125739 0.4613477636283967 0.5779727583906562
0 0.4675011076088248 0.5165200255932911 0.45598903934887536 0.48143562708677723 0.44753119328034074 0.49020672671340537 0.4590432615402902 0.5252911252199193
0 0.48033860755627444 0.5676779375493194 0.453622334377433 0.4964345424057449 0.44438295656975085 0.507384916103739 0.4710992297485923 0.5786283112473135
0 0.5164447938358854 0.4039644932959827 0.514180872591107 0.35902146414038494 0.5015638583759942 0.3610301430204029 0.5038277796207724 0.4059731721760007
0 0.5606588161104828 0.39792550305503405 0.5445727819565218 0.34733011357932714 0.533191998314332 0.35876587685263867 0.5492780324682931 0.4093612663283455
0 0.5688989524393375 0.3195400567093661 0.5605841384049695 0.3173227729668677 0.5574864278998247 0.3540363789537644 0.5658012419341928 0.3562536626962627
0 0.5711344001684453 0.4587918161458451 0.5626195957618504 0.4448188037863047 0.5479171099629516 0.47313470236196153 0.5564319143695465 0.4871077147215019
0 0.6024401555400443 0.3972903731908362 0.5915567410515471 0.3902546304912017 0.5823176340901053 0.43542359785825013 0.5932010485786025 0.4424593405578847
0 0.7043558016392075 0.7320650134901379 0.6953818217688456 0.7302923754910536 0.6934023106404433 0.7619645535454814 0.7023762905108053 0.7637371915445657
0 0.7194914892924935 0.7734475235774473 0.7184835650433501 0.7447776782684807 0.6954796179344095 0.7473336723916963 0.6964875421835529 0.7760035177006629
0 0.7160324739541555 0.7107409240182518 0.7065062201050336 0.6901961434037526 0.6832148041476764 0.724328909131051 0.6927410579967982 0.7448736897455502
0 0.7404342899033347 0.7339005127968826 0.7255855477343583 0.684038069957851 0.7150912371773387 0.6939150681291637 0.729939979346315 0.7437775109681952
0 0.7267844886081516 0.7118841664597673 0.7135164068721431 0.6971418534197571 0.6968635551017642 0.7445099651221656 0.7101316368377726 0.7592522781621758
0 0.6727365674188229 0.5892290855167598 0.6594711956668291 0.5892290855167598 0.6594711956668291 0.629963156351165 0.6727365674188229 0.629963156351165
0 0.694202350799322 0.600377357534597 0.6782839046969293 0.600377357534597 0.6782839046969293 0.6758425835014951 0.694202350799322 0.6758425835014951
0 0.7182625410384418 0.6768971497734522 0.7125131268442115 0.6751936196418288 0.7103750226994188 0.6980000638529558 0.716124436893649 0.6997035939845792
0 0.7243271841985645 0.6823312903701603 0.6980900912583627 0.6433631185771183 0.6820920303929782 0.6774061302502601 0.7083291233331799 0.716374302043302
0 0.7272705356902067 0.5208646101425664 0.7231387815094954 0.5013535487336525 0.6956392195415568 0.5197584843252664 0.6997709737222679 0.5392695457341803
0 0.7613075316168773 0.53487601837101 0.7580690860707395 0.5161649996599911 0.7243417969086678 0.5346141150990723 0.7275802424548056 0.5533251338100913
0 0.6480153901056722 0.42379890060492886 0.6221156480688065 0.3903123654461526 0.6124681049764473 0.41389524856080817 0.6383678470133131 0.4473817837195845
0 0.6582652527802841 0.3975645365779225 0.6466882010694532 0.3975645365779225 0.6466882010694532 0.4211474196925782 0.6582652527802841 0.4211474196925782
0 0.7345945072554592 0.47023023084731425 0.7101207969017147 0.4481605403511839 0.7033305688711441 0.47195867287737414 0.7278042792248886 0.49402836337350453
0 0.702106276957184 0.449591200400002 0.696402461236238 0.4276209472526544 0.6703858611872945 0.44896790113896695 0.6760896769082405 0.4709381542863146
0 0.6949024379971744 0.4680817207778841 0.6878353992408025 0.45372329282843005 0.6782220067434607 0.46867745893540635 0.6852890454998326 0.48303588688486027
0 0.7019203852732093 0.3915616208760102 0.6910668992943052 0.3915616208760102 0.6910668992943052 0.43272447140340925 0.7019203852732093 0.43272447140340925
0 0.666442849273098 0.307491829448359 0.6574308706749992 0.2960480471015667 0.6486959330102955 0.3177883364003844 0.6577079116083944 0.3292321187471767
0 0.6828239249756867 0.34426974297228863 0.679461472456732 0.3343069206939049 0.6629684300378091 0.35189949927408953 0.6663308825567638 0.3618623215524733
0 0.5942745400766608 0.3440464982072676 0.5671164691627605 0.32815654391727817 0.56400504236929 0.3449635672802978 0.5911631132831904 0.3608535215702873
0 0.7074393709781455 0.2483189326886474 0.7008188864066478 0.24336324833103515 0.6929010910404952 0.27679393987701295 0.6995215756119928 0.28174962423462524
0 0.5732939979203822 0.293704510826809 0.5655714727359789 0.23364042605922572 0.5544644487258462 0.23815375645064446 0.5621869739102494 0.2982178412182278
0 0.6083021348959271 0.23598715111096313 0.5764837956586273 0.20366375886989666 0.5688548154286694 0.2273983640297655 0.6006731546659693 0.25972175627083194
0 0.6626934986132488 0.2428951217956253 0.6591335552121682 0.23445673743750856 0.6486756185000511 0.24840065305366504 0.6522355619011315 0.25683903741178177
0 0.7069868017536993 0.20184400870901456 0.6916558050574255 0.19911849818523258 0.6895758520788501 0.2360954400265739 0.7049068487751239 0.23882095055035585
0 0.7242046151720085 0.20171180491482932 0.7120965633058305 0.19200426006351445 0.7026448221862962 0.2292632975202289 0.7147528740524742 0.23897084237154376
0 0.7198551914354769 0.24917245650105338 0.7131790916155643 0.24027099007450342 0.7003285642165421 0.27073149946477926 0.7070046640364549 0.27963296589132924
0 0.7102210064797072 0.31606340793020943 0.708534541735293 0.30507015626291606 0.7013304244607486 0.3085630616081497 0.7030168892051628 0.3195563132754431
0 0.596262168598704 0.05112321927126135 0.5953330764137394 0.024695708232269766 0.5864738539631683 0.025680066282333238 0.5874029461481328 0.05210757732132482
0 0.6675751554179827 1.4439592933821639e-16 0.6586511780575506 1.434244875328727e-16 0.6586511780575506 0.006002915701912498 0.6675751554179827 0.006002915701912499
0 0.6809105383680343 0.004182002230650263 0.675673700753314 -0.006770860754385784 0.6565816470429631 0.022079353741255185 0.6618184846576833 0.03303221672629123
0 0.6963501292205895 0.07063883991039543 0.6921999208964069 0.004235506723474725 0.6787786589663962 0.006886620191131139 0.6829288672905788 0.07328995337805184
0 0.6549676786844535 0.06450778588297436 0.6540046259385583 0.03758122021996611 0.607714871425991 0.042813716555362286 0.6086779241718862 0.06974028221837053
0 0.6112493194030191 0.15415543755913294 0.5904794243767229 0.14546737689453845 0.5879584106571786 0.16451503610887352 0.6087283056834748 0.173203096773468
0 0.6092075197092099 0.17579967412743336 0.596906902266452 0.17579967412743336 0.596906902266452 0.21696252465483234 0.6092075197092099 0.21696252465483234
0 0.6164431770284793 0.19595231969813912 0.6053485024722663 0.19595231969813912 0.6053485024722663 0.23754394991853178 0.6164431770284793 0.23754394991853178
0 0.6237753097786725 0.22648143383929314 0.6219051706561531 0.1998838996523582 0.6145136684100074 0.20152645570705763 0.6163838075325268 0.22812398989399252
0 0.6343293398407986 0.24980025658856064 0.6310052358842234 0.19070507513833437 0.6179428446180838 0.19302727803009256 0.621266948574659 0.25212245948031886
0 0.6266679911419385 0.17094251399860258 0.608764365352738 0.16340414524525493 0.6051788006077072 0.1903180139486954 0.6230824263969077 0.19785638270204306
0 0.6395182022280728 0.19192460225411592 0.6322588214421829 0.15894371177007274 0.6195908856579168 0.16775618883738824 0.6268502664438066 0.20073707932143142
0 0.7320738047619495 0.07506217305548352 0.7128944890943395 0.07019123574307568 0.7118187880395417 0.08357773775834092 0.7309981037071517 0.08844867507074876
0 0.75554514210059 0.01734035523136483 0.7457911922829473 0.006936142092545931 0.7232116851778153 0.0738383853670101 0.732965634995458 0.08424259850582899
0 0.7551266089811419 1.6293208919153152e-16 0.7396905400333673 1.612517574201262e-16 0.7396905400333673 0.007718034473887474 0.7551266089811419 0.007718034473887476
0 0.6273207818651141 0.0993482548666495 0.6176973576304858 0.09364548494983281 0.6112576226163362 0.12799073835863142 0.6208810468509645 0.13369350827544813
0 0.6375837378024718 0.06104775131243518 0.6263231778899196 0.05389818946319528 0.6162772916721402 0.10390437863613888 0.6275378515846923 0.11105394048537878
0 0.6465821016490093 0.15895720778663958 0.6184112758193206 0.12139610668038753 0.6113782169049908 0.1380670611439841 0.6395490427346795 0.17562816225023614
0 0.6461343225799638 0.12745106736572553 0.6383996544110896 0.12195085889008157 0.630332312342479 0.15780571252835124 0.6380669805113532 0.1633059210039952
0 0.6607736375378696 0.19492324843495426 0.6422117646281705 0.17017408455535568 0.6325738690789038 0.19301946659806207 0.6511357419886028 0.21776863047766065
0 0.7332919200681702 0.20999976733702563 0.7325551115473083 0.17446922310879362 0.6786110788449152 0.1780047255081312 0.6793478873657771 0.21353526973636322
0 0.6962392239996029 0.17212459538145822 0.6745384807281528 0.1544425082713878 0.6689468505692779 0.17613125555429646 0.6906475938407282 0.19381334266436687
0 0.7071605089633309 0.13884282255776975 0.7002343151417164 0.13449697545401174 0.6939337273837066 0.16623326934621 0.7008599212053211 0.17057911644996804
0 0.6658014543947262 0.09488220436663457 0.6644473221764047 0.07252827568323143 0.6263655983520204 0.07981913562909645 0.6277197305703419 0.10217306431249959
0 0.6922658197759837 0.10102338631894082 0.6706726671467933 0.0770309945087295 0.6623936659818616 0.10058015337786881 0.683986818611052 0.12457254518808014
0 0.7201303130551799 0.13051749750593564 0.6911050656980537 0.0782469221788164 0.6826077911457085 0.09315951797438535 0.7116330385028347 0.14543009330150458
0 0.7189502993403468 0.09129141414354425 0.6898534675302358 0.0865888958712031 0.6883035343776929 0.11689869974315403 0.7174003661878039 0.12160121801549519
0 0.6061874520569418 0.37096903829058075 0.603654451230225 0.3501125168635786 0.5741835579649441 0.36142457690479746 0.576716558791661 0.3822810983317996
0 0.5915524981850138 0.3461967345913996 0.5802166350514917 0.3461967345913996 0.5802166350514917 0.36206158323216797 0.5915524981850138 0.36206158323216797