1 0.4960123438931002 0.04193056630343496 0.3878626193893757 -0.013002627095282722 0.30194439810890694 0.5215996386498517 0.41009412261263145 0.5765328320485694
1 0.42214414588933785 0.642148625499632 0.2817783941967036 0.6144220572640506 0.2576797727757073 1 0.39804552446834157 1.0277265682355814
0 0.23324404706350818 0.04755653737538676 0.21742945661033541 0.0049308312076951945 0.2058039389298685 0.018562643901576 0.22161852938304127 0.061188350069267566
0 0.24321917475089672 0.08419837706659165 0.23663795322187592 0.05978109139370286 0.21423576561906071 0.0788644363886936 0.22081698714808154 0.10328172206158238
0 0.2609794400137208 0.08832861675671039 0.24916119972558087 0.08832861675671039 0.24916119972558087 0.1706543178115084 0.2609794400137208 0.1706543178115084
0 0.253777050084425 0.09246855862009817 0.24250772173085036 0.08445481401311178 0.23886494252873547 0.1006449438002892 0.25013427088231016 0.10865868840727559
0 0.1676394605951461 0.0896149558356916 0.15485646599777025 0.0896149558356916 0.15485646599777025 0.10762370294142865 0.1676394605951461 0.10762370294142865
0 0.10219252429998013 0.12639538219056143 0.10143569117807955 0.1102496089233489 0.08646536568993604 0.11246743492159239 0.08722219881183663 0.12861320818880492
0 0.2328048876652411 0.19148233740508405 0.21407167770268296 0.13782672368516447 0.20483177436029926 0.14802247909744995 0.22356498432285737 0.20167809281736954
0 0.21745417829319277 0.14522438371164917 0.19763960901888605 0.12174044975691484 0.1928158374727064 0.134603840546727 0.2126304067470131 0.1580877745014614
0 0.10195715751591652 0.18327374774151373 0.08789752682830176 0.17256164816999775 0.08457910467842997 0.18632695486576228 0.09863873536604473 0.1970390544372783
0 0.04752593868379861 0.18486252874745948 0.007698793548153608 0.17187100332094937 0.0060522460095504965 0.18782421947274838 0.0458793911451955 0.2008157448992585
0 0.06031054369265069 0.17622845382042696 0.045356851899494025 0.17622845382042696 0.045356851899494025 0.18952062430323288 0.06031054369265069 0.18952062430323288
0 0.062240052311122514 0.21524740588285723 0.04632160620872994 0.21524740588285723 0.04632160620872994 0.23154103421661937 0.062240052311122514 0.23154103421661937
0 0.07671136694966123 0.19595231969813898 0.06416956092959435 0.19595231969813898 0.06416956092959436 0.23025469513763813 0.07671136694966124 0.23025469513763813
0 0.11023180318417738 0.21773517717092 0.09412948064165816 0.1943136171090738 0.07550661806597428 0.23477810863154736 0.0916089406084935 0.25819966869339356
0 0.12545408074570608 0.1778284732569605 0.12271223776627184 0.13980825060880608 0.11183347846943503 0.14228773990723043 0.11457532144886926 0.18030796255538487
0 0.20188823857302104 0.2186776434268072 0.18307552954292072 0.2186776434268072 0.18307552954292072 0.23968784838350043 0.20188823857302104 0.23968784838350043
0 0.21042972621400555 0.2402619691588379 0.1763108345600512 0.2278325004324429 0.1745224093623897 0.24334808259171078 0.20864130101634404 0.2557775513181058
0 0.21526196916608425 0.2647135316612664 0.20820576507806293 0.24455294855263413 0.19555560021692667 0.25854621733729843 0.20261180430494796 0.27870680044593077
0 0.24092235804990267 0.29182852655284947 0.20930023376499507 0.22827875021216582 0.19946454356668536 0.24374684419925124 0.23108666785159296 0.3072966205399349
0 0.26604440013720937 0.2907126318497555 0.24819644541634495 0.2907126318497555 0.24819644541634495 0.30614870079753015 0.26604440013720937 0.30614870079753015
0 0.15466533542707256 0.31825161439599514 0.13146344936273627 0.29533617136948986 0.12502416942137387 0.31594186718184925 0.14822605548571016 0.3388573102083546
0 0.08458324945121648 0.3557267706709902 0.059541254069580204 0.3209209265849988 0.046689079818721 0.3501455088608544 0.07173107520035728 0.3849513529468458
0 0.030681454618616974 0.38900213070524364 0.023441674417684327 0.3696960501694229 -0.002272738516949979 0.4001723914252854 0.0049670416839826675 0.4194784719611061
0 0.10044925824155487 0.42112132847941736 0.07846742294512898 0.36434644150835505 0.06352391638715507 0.38263229080296096 0.08550575168358096 0.43940717777402327
0 0.2578439885087041 0.3511705685618728 0.24578455964325513 0.3511705685618728 0.24578455964325513 0.3713232141325785 0.2578439885087041 0.3713232141325785
0 0.19658208987222353 0.3580310436497725 0.1789753237286681 0.3580310436497725 0.1789753237286681 0.3837578252293969 0.19658208987222353 0.3837578252293969
0 0.17085239802318963 0.4080896176720868 0.1526170136871909 0.3786182894522909 0.13758911002409302 0.4080061899490157 0.15582449436009177 0.43747751816881153
0 0.1592489347639523 0.4358529779758911 0.12127368625713299 0.4087221669969796 0.11667773616677969 0.42905360512278023 0.154652984673599 0.45618441610169175
0 0.13459662550381604 0.34645399193894155 0.12494908241145694 0.34645399193894155 0.12494908241145694 0.3738958922905409 0.13459662550381604 0.3738958922905409
0 0.08161180075771403 0.5051367060434535 0.061079336658522956 0.4895894904292512 0.05558674813729761 0.5125150773004525 0.07611921223648868 0.528062292914655
0 0.08997673870165505 0.49652688448675036 0.07767612125889715 0.49652688448675036 0.07767612125889715 0.5505531258039615 0.08997673870165505 0.5505531258039615
0 0.12655634727499956 0.5122616933845615 0.12205481948374916 0.49181030786381924 0.0866337068637085 0.5164510818603696 0.09113523465495889 0.5369024673811119
0 0.140010893222028 0.4902578296650489 0.13717817496577148 0.42982650686491053 0.11272664333513709 0.4334489559953749 0.1155593615913936 0.4938802787955133
0 0.027960102668743422 0.5522877486341737 0.015135487804236264 0.5464761584559221 0.006752399773133785 0.604942823698483 0.019577014637640944 0.6107544138767346
0 0.033482302994083536 0.542292860200802 0.024082517817714942 0.54124843962565 0.02149607533108635 0.6148183592453074 0.030895860507454943 0.6158627798204593
0 0.1467525298001885 0.7584255209673268 0.1385038804562216 0.7290969899665549 0.1255761727124603 0.7405882857387869 0.13382482205642718 0.7699168167395588
0 0.18150594849366386 0.812168108026096 0.17142797655564573 0.8019301682795378 0.1646301692690295 0.8230789020601211 0.17470814120704764 0.8333168418066794
0 0.16522757482205638 0.7610839550638877 0.1548564659977703 0.7610839550638877 0.1548564659977703 0.7829517194065684 0.16522757482205638 0.7829517194065684
0 0.08394702426893062 0.8172540948460676 0.05162775490952751 0.8172540948460676 0.05162775490952751 0.8399794185747358 0.08394702426893062 0.8399794185747358
0 0.10001253657699935 0.9065636968125257 0.07624663773972443 0.872763307355068 0.06989337765451231 0.8868816630999838 0.09365927649178724 0.9206820525574416
0 0.1254982553112233 0.943127220626055 0.11777791753577913 0.9421105506309347 0.11678881403865661 0.9658490345618745 0.12450915181410079 0.9668657045569948
0 0.2655624754939934 0.9155825507302607 0.26438142073456294 0.8914365423152381 0.2296923491624636 0.8967991041041616 0.23087340392189407 0.9209451125191843
0 0.27867526040120577 0.900371410116747 0.2623486490141365 0.896743274252954 0.25748035034599215 0.9659812997554508 0.2738069617330614 0.969609435619244
0 0.26022982528775795 0.9176216500013994 0.23826903255974993 0.9126527433639509 0.23708984481466966 0.9291239372634842 0.25905063754267765 0.9340928439009326
0 0.40309343067791237 0.7898525711667879 0.4017314245942852 0.7801671945721057 0.39321888657161536 0.7839505448044034 0.39458089265524254 0.7936359213990856
0 0.5974066448533144 0.8478988592482188 0.5878585868240394 0.8385088069073716 0.5760536390779417 0.8764460748777366 0.5856016971072168 0.885836127218584
0 0.6209775340586741 0.7961581548872841 0.6117173710308919 0.7925444327301009 0.6065481057451392 0.834409099735703 0.6158082687729214 0.8380228218928862
0 0.6217599609044641 0.8074257554790346 0.6155159068235612 0.8066978511781643 0.6144055487063486 0.8368008934670406 0.6206496027872515 0.8375287977679108
0 0.6006115705907038 0.9582025764634783 0.5958360367599863 0.8987737110145457 0.5843216940792555 0.9016979885207628 0.589097227909973 0.9611268539696953
0 0.5929180260338969 0.9536456378185542 0.5908475148625373 0.9241983678258764 0.5810515480302957 0.9263752493441518 0.5831220592016553 0.9558225193368296
0 0.6575889560133696 0.9324317045799498 0.6443943301216065 0.8303242728423836 0.625716669960119 0.8379523863017299 0.6389112958518821 0.940059818039296
0 0.6428693775817543 0.915899447048879 0.6321554566155067 0.8837166346445182 0.6227030515978795 0.8936620222367608 0.6334169725641272 0.9258448346411217
0 0.6323349301700029 0.9968933591082669 0.6302948727815408 0.9364472142649487 0.6115496465658172 0.9384467050612925 0.6135897039542793 0.9988928499046108
0 0.6635189428269666 0.986120170050952 0.6361724144291396 0.9569505397599366 0.6289580384549269 0.9783264685724187 0.6563045668527538 1.007496098863434
0 0.6680093066339249 0.9796758634886046 0.6563116606344395 0.9588800483784085 0.6490760033151701 0.9717434391682206 0.6607736493146555 0.9925392542784169
0 0.672747952799877 0.9215383815856286 0.6597521447519343 0.9157624668976554 0.6523036739820999 0.9687293701498239 0.6652994820300425 0.9745052848377971
0 0.6754861525305033 0.983963660418542 0.6617384036238915 0.983963660418542 0.6617384036238915 1 0.6754861525305033 1
0 0.6868519623362487 0.9596242624717957 0.6747145673533201 0.9529382483340948 0.6676614712341064 0.9934044967756454 0.6797988662170349 1.0000905109133462
0 0.6798308508751787 0.959793407861429 0.6731436497728037 0.9553352737931794 0.6704476240319255 0.9681164328610478 0.6771348251343005 0.9725745669292974
0 0.6958020530721563 0.864846343976811 0.6804807116638583 0.8273941760898607 0.6738265143742096 0.8359975826865783 0.6891478557825075 0.8734497505735287
0 0.720092571950175 0.8127869714074474 0.6975953095017429 0.7666387407439968 0.689129223145948 0.7796827849069992 0.7116264855943802 0.8258310155704497
0 0.7389669743014404 0.9848212198045295 0.7249780368175196 0.9848212198045295 0.7249780368175196 1 0.7389669743014404 1
0 0.7508159189766783 0.8428514563200076 0.7372372782264446 0.8309141897263956 0.7165665793331855 0.9052266282167296 0.7301452200834192 0.9171638948103416
0 0.7575265547256518 0.887271716976706 0.7424104785438118 0.8845844145443795 0.7396953160447995 0.9328539700823879 0.7548113922266395 0.9355412725147142
0 0.9120179467774558 0.7872131508303685 0.9102145983378841 0.7615655285786813 0.8896133832422004 0.7661435763777222 0.8914167316817722 0.7917911986294093
0 0.8840957815421181 0.8730506885993525 0.880428393585776 0.8556645531026206 0.8601024740295453 0.8692151661401087 0.8637698619858876 0.8866013016368407
0 0.946914114185465 0.8759515335199316 0.942510294515071 0.8407209761567764 0.8865829197061298 0.8628157415133931 0.8909867393765238 0.8980462988765484
0 0.8711826332249114 0.9589102236385967 0.8685608016556983 0.9048422303890492 0.8585964183313592 0.9063693389445034 0.8612182499005724 0.9604373321940511
0 0.8892516003762369 0.9271503510968719 0.8720066170986454 0.8964926030478187 0.8633238283155218 0.9119286719955932 0.8805688115931133 0.9425864200446463
0 0.9043520597809066 0.9682974413438397 0.8677065934432144 0.9593115798663976 0.8656003445370529 0.9864587879902571 0.9022458108747451 0.9954446494676988
0 0.9120439209319353 0.9316525378733059 0.8938991187313061 0.9101475871170046 0.8746411384815584 0.9615022011163317 0.8927859406821876 0.983007151872633
0 0.8841176026258686 0.9994172964945925 0.8816669416916598 0.9442320428650037 0.8613938217165048 0.9470773930369553 0.8638444826507136 1.0022626466665443
0 0.9300367739727569 0.9735955863833498 0.9246338720806777 0.9561316610756203 0.9058757892542676 0.9744728976169998 0.9112786911463466 0.9919368229247293
0 0.926997612725092 0.9801046431815986 0.9021551892622672 0.9801046431815984 0.9021551892622672 1.0000000000000002 0.926997612725092 1.0000000000000004
0 0.9243445383746932 0.9428008098911432 0.9154205610142611 0.926935961250375 0.9068583665197923 0.9421576403516527 0.9157823438802245 0.9580224889924209
0 0.9432028776761767 0.9504609011632744 0.9137224630578018 0.8770874247797648 0.9032275006397625 0.8904143611836243 0.9327079152581373 0.9637878375671338
0 0.7633511630209502 0.6379813156736387 0.7556331285470628 0.6242603654978391 0.7395940881560159 0.6527742150819233 0.7473121226299033 0.6664951652577228
0 0.7936268775793982 0.6310248016952276 0.7824741431484665 0.6120238467388253 0.7727198659255153 0.6301187378190822 0.783872600356447 0.6491196927754844
0 0.8279400452679575 0.614537155400835 0.8185195031895363 0.6103502478104255 0.8110426572929578 0.6635189297416488 0.820463199371379 0.6677058373320585
0 0.7632368112601791 0.5712788332914402 0.7517219010769135 0.5629388160393634 0.7454231904426727 0.5904240988069599 0.7569381006259382 0.5987641160590368
0 0.9626249272503387 0.5295492253293648 0.9350099415180811 0.5148212329388276 0.9328458825400244 0.5276452861421266 0.9604608682722819 0.5423732785326637
0 0.9637101078322121 0.4877910922929343 0.9522284258167067 0.48212112586552397 0.9467170249455342 0.5173940914410261 0.9581987069610396 0.5230640578684365
0 0.7686526615563753 0.5591789932529145 0.7572008542995712 0.5245690868767953 0.7458488705927586 0.5364404423871874 0.7573006778495628 0.5710503487633066
0 0.7922474098793142 0.44801542015075924 0.7796499449567915 0.4352179954675616 0.7623734216344745 0.4889671791369923 0.7749708865569973 0.50176460382019
0 0.7990470724626788 0.49691279667869914 0.7851787292674126 0.4722579643315592 0.7625070030003687 0.5125632554729707 0.7763753461956349 0.5372180878201106
0 0.8437594408874975 0.4418785625308173 0.8402477289615535 0.4240105416968948 0.813301535793029 0.4407482038524441 0.8168132477189731 0.45861622468636665
0 0.8037858253593612 0.346195684693283 0.8033617041238728 0.30020209293366834 0.7923727844731321 0.30052235288705975 0.7927969057086205 0.3465159446466744
0 0.8648873956442835 0.37226356973876956 0.8559925272500775 0.33536633788132586 0.847172510483313 0.3420863506560042 0.856067378877519 0.3789835825134479
0 0.8208746387091415 0.22828230593280358 0.7863846721539576 0.22828230593280358 0.7863846721539576 0.25701054536338414 0.8208746387091415 0.25701054536338414
0 0.8689869361107366 0.30316439151722985 0.8650121483566846 0.26429980014427756 0.8440634732859359 0.27107108905603483 0.8480382610399879 0.3099356804289871
0 0.8279789811495727 0.22136597179436215 0.8186387287067143 0.2187188149023443 0.8153454819710697 0.25544350577256186 0.8246857344139281 0.2580906626645797
0 0.8472801818385032 0.14978730109168353 0.8354947287212015 0.14887639503081201 0.8333737438515523 0.23560556892337056 0.845159196968854 0.236516474984242
0 0.7940772225517518 0.14142448769621996 0.7842258068506485 0.12231871179104993 0.7556108299804813 0.16895052594984092 0.7654622456815847 0.18805630185501096
0 0.8430639878215678 0.10119200754652298 0.8343811990384444 0.09347397307263537 0.8277726320201781 0.1169711002486921 0.8364554208033015 0.12468913472257971
0 0.8509135478445953 0.09062348277522163 0.8491283746940521 0.0700881576447909 0.8137661850515185 0.07980382995061833 0.8155513582020617 0.10033915508104904
0 0.6607047183326974 0.045100482687980045 0.6577214397843382 0.02605571458128307 0.6323492980632452 0.03861688741647962 0.6353325766116045 0.05766165552317659
0 0.6841051184376309 0.05196540660593888 0.6794911403247003 0.02006629866468949 0.6619292507694191 0.028094591032817934 0.6665432288823497 0.05999369897406733
0 0.6633414020645756 0.08126259264072624 0.6598665460152016 0.06520103579028537 0.641894267285415 0.07748977338330147 0.6453691233347891 0.09355133023374235
0 0.7103355135620019 0.028294230716941877 0.6825400006891988 0.022803759038362157 0.6814311214984 0.040545826091139686 0.709226634371203 0.0460362977697194
0 0.7534736303935063 0.07498825193334913 0.7530676412686685 0.0509296371281454 0.7198424628898477 0.05270164664168252 0.7202484520146855 0.07676026144688625
0 0.7418413510868567 0.11905950957692091 0.7226626029217814 0.11148272017837241 0.7128788592210593 0.18975266978414698 0.7320576073861346 0.19732945918269548
0 0.3116474272677626 0.16733068295366182 0.31078261297674864 0.1381191780127458 0.29659179665601954 0.13944697369187836 0.2974566109470335 0.16865847863279437
0 0.30328020293602204 0.16957247366303183 0.294968473502605 0.16112881201638596 0.2885862526876597 0.1809846101073268 0.29689798212107676 0.1894282717539727
0 0.3443824471029691 0.31901209158734223 0.3315512147901315 0.3076065517537088 0.32730629582949344 0.3226995969470885 0.34013752814233106 0.3341051367807219
0 0.29296105419748086 0.3878741259845182 0.2792133052908691 0.3878741259845182 0.2792133052908691 0.40373897462528663 0.29296105419748086 0.40373897462528663
0 0.37423744632685974 0.2683702553605145 0.36838654411524396 0.24409984618640315 0.35915900182130206 0.25113035460083466 0.36500990403291783 0.27540076377494604
0 0.3696009932428389 0.28826604301065767 0.3659315836597401 0.2737138545785396 0.3471850223879711 0.2886536428717501 0.35085443197106986 0.30320583130386825
0 0.2700481393531279 0.2691021379399346 0.24954711028186471 0.2691021379399346 0.24954711028186471 0.28539576627369667 0.2700481393531279 0.28539576627369667
0 0.2833135111051217 0.2755338333348407 0.2712540822396728 0.2755338333348407 0.2712540822396728 0.2986879367565026 0.2833135111051217 0.2986879367565026
0 0.29791837933162707 0.5489282725243737 0.2809622806772166 0.5385108001484614 0.26525194053636114 0.6193280581780161 0.2822080391907716 0.6297455305539282
0 0.2790396495152066 0.7322013444755753 0.2707041722834083 0.7124431762224237 0.2631790886713682 0.7224766210384772 0.27151456590316647 0.7422347892916288
0 0.3115325746502722 0.7133178867961308 0.3004379000940592 0.7133178867961308 0.3004379000940592 0.7510504997795799 0.3115325746502722 0.7510504997795799
0 0.3311821323233596 0.5093600080913848 0.3236228310891044 0.4814487419956732 0.29177304684455213 0.5087111087564423 0.2993323480788074 0.5366223748521538
0 0.4055181914489426 0.5011643070158714 0.3945255582138988 0.4972558151989669 0.38920085654561587 0.5445864966948143 0.40019348978065966 0.5484949885117189
0 0.6278272778774632 0.790412507001168 0.6218770137996169 0.788061785390167 0.6202936817274003 0.8007284419678996 0.6262439458052466 0.8030791635789006
0 0.5664757339290623 0.6684569376841876 0.5610611570890853 0.6315575992191582 0.5499566642368048 0.636707508947752 0.5553712410767817 0.6736068474127814
0 0.5860955123310145 0.6565993498564814 0.5659707886209535 0.6281879752069834 0.554718861671365 0.6533774742216999 0.574843585381426 0.6817888488711978
0 0.5243722205858995 0.5835229806557222 0.5233184120327341 0.5685354812329256 0.5019453934896616 0.5732850409091639 0.502999202042827 0.5882725403319605
0 0.5182151241775876 0.51669396983208 0.5151308938147358 0.48550897394102194 0.4769574971150265 0.4974410735199297 0.4800417274778784 0.5286260694109879
0 0.5196467780318479 0.4996298163012665 0.49794531122023844 0.46724984994743657 0.4915149394670414 0.480870684677613 0.5132164062786507 0.513250651031443
0 0.5607842745725613 0.558680144904731 0.5394669149319444 0.5334151260714078 0.5343462959060001 0.5470701101405931 0.555663655546617 0.5723351289739163
0 0.5758735949556106 0.5901368789864839 0.569897940031593 0.5653489770794494 0.5633484226305304 0.5703390855754975 0.5693240775545481 0.595126987482532
0 0.6079784491508683 0.5743028166061478 0.565767144168683 0.5461619466180255 0.5616140751046094 0.5658505703291905 0.6038253800867946 0.5939914403173128
0 0.5882241134833287 0.5508961443242294 0.5836415305144582 0.5346025159904675 0.563381690020504 0.5526112630962045 0.5679642729893746 0.5689048914299666
0 0.6128159407872538 0.5268040095787203 0.603572378336255 0.4945466393793502 0.584755579053289 0.51158826891864 0.5939991415042878 0.5438456391180102
0 0.6767540324512069 0.4722364694212923 0.6669477936101381 0.4595308341620543 0.6419267638969122 0.5205640435917324 0.651733002737981 0.5332696788509703
0 0.6675751554179827 0.4664265448044629 0.6567216694390787 0.4664265448044629 0.6567216694390787 0.4805762746732564 0.6675751554179827 0.4805762746732564
0 0.5670637963205462 0.4313137862288166 0.5633115153488666 0.3868423080459451 0.5535460316319065 0.38944643703713433 0.557298312603586 0.43391791522000583
0 0.6558212893166131 0.2845558811983537 0.6425950460119252 0.28248117636624587 0.6391939765286362 0.35100642817770206 0.6524202198333241 0.35308113300980987
0 0.6985786877271419 0.42717695454059684 0.6934555096711996 0.40440727429196366 0.666966350404679 0.4232440097703778 0.6720895284606213 0.446013690019011
0 0.7286440914158301 0.44953264060289094 0.7163434739730722 0.44953264060289094 0.7163434739730722 0.4825486769634089 0.7286440914158301 0.4825486769634089
0 0.7013492212505249 0.38061785160639583 0.6936871012781706 0.3345141553624855 0.6823236246305717 0.34048285016728486 0.689985744602926 0.3865865464111951
0 0.741964018476075 0.34433405240406273 0.7363421159842687 0.3277806728448554 0.7170892519585317 0.3484462208137809 0.722711154450338 0.36499960037298823
0 0.747707305320217 0.36653707320848433 0.7322712363724424 0.3219439851371354 0.7227168562498594 0.3323966403139785 0.738152925197634 0.3769897283853274
0 0.7061044186232404 0.28948333797679504 0.7012915605873462 0.2655260001981222 0.6747062495319313 0.28240556277298884 0.6795191075678254 0.30636290055166165
0 0.49387112437487746 0.00900437355286864 0.4832588269732824 0.009004373552868638 0.4832588269732824 0.051882342852242594 0.49387112437487746 0.051882342852242594
0 0.5449523996690546 0.12097417423109302 0.5409766257630568 0.10633322905345041 0.5225495393570435 0.12214804650535444 0.5265253132630413 0.13678899168299705
0 0.6120863995729178 0.12907001634502466 0.5967007098596043 0.08767188426355688 0.5861353117240964 0.10008203445447103 0.6015210014374099 0.1414801665359388
0 0.5944467611127214 1.2802844383139705e-16 0.5816637665153456 1.2663691908320201e-16 0.5816637665153456 0.021010204956693368 0.5944467611127214 0.021010204956693368
0 0.5829060528861424 0.0642875854769379 0.5747122491638648 0.05882504966208647 0.5699545566799619 0.08138003625244236 0.5781483604022395 0.08684257206729379
0 0.5955067892016066 0.05571389377433311 0.5829684164708965 0.04874813114616039 0.5723080530183069 0.10939375434311081 0.584846425749017 0.11635951697128354
0 0.6092629102307099 0.05853769900592636 0.6015833355569882 0.05130986401889423 0.5836369498221411 0.11157427043714686 0.5913165244958628 0.11880210542417899
0 0.4191268078203971 0.397178624385974 0.40634381322302116 0.3744533006573057 0.40055528736760565 0.3847440132891555 0.41333828196498157 0.4074693370178238