1 0.5874702136981036 0.13441916861092532 0.5079966320932934 -0.03560340898429897 0.47994092696966695 0.005843516894736191 0.559414508574477 0.1758660944899605
1 0.5575482064287246 0.29414716444265865 0.5208980763930082 0.09867980425216683 0.23242497221723937 0.26962682894891493 0.2690751022529558 0.4650941891394068
0 0.10525015853955846 0.12122087145065967 0.08208268669790714 0.06287316459020441 0.07341827949226934 0.073746146181593 0.09658575133392068 0.13209385304204824
0 0.1614650330160363 0.21130263270731486 0.15519413000600285 0.18900608867164037 0.11650748220564265 0.2233942200497383 0.1227783852156761 0.24569076408541285
0 0.1736209373124087 0.11679958837149454 0.15702716319355098 0.10204956693251001 0.1357543306748992 0.17768630477660582 0.15234810479375693 0.19243632621559034
0 0.20015080624057213 0.16526015870998734 0.16961265913479362 0.12439012912522511 0.1592241365340959 0.14892289228176506 0.1897622836398744 0.1897929218665273
0 0.20600401690110454 0.13390483305573056 0.19495161059671814 0.11501183082601028 0.18935755577711905 0.12535461662580236 0.20040996208150547 0.14424761885552265
0 0.17687532910048326 0.438182037299532 0.16954285073718056 0.40077577086645155 0.15655717873758293 0.4088207663140137 0.1638896571008856 0.4462270327470941
0 0.16603820374774364 0.5542197150811226 0.16020320497133436 0.5260635305092436 0.15483822978826633 0.5295774323835338 0.16067322856467564 0.5577336169554129
0 0.11647562711052642 0.6495850545197421 0.10717393933657263 0.6448603877139243 0.10148552949437974 0.6802549378431245 0.11078721726833353 0.6849796046489424
0 0.18294180122282863 0.6845276758187776 0.18145884967323578 0.6581640927149052 0.14014635078763849 0.6655085369612337 0.1416293023372313 0.6918721200651061
0 0.23149889173299215 0.7082358434394133 0.20221692458373863 0.6673340480563292 0.1957641790816647 0.6819341994953653 0.22504614623091823 0.7228359948784493
0 0.22311408151818343 0.754923918759836 0.18946803724225283 0.6895445252314129 0.17342798645056162 0.7156333076065513 0.20707403072649222 0.7810127011349745
0 0.3779893519829543 0.7829924669090159 0.3733014565687756 0.7583872169044379 0.3528723056336206 0.7706886411234559 0.3575602010477993 0.795293891128034
0 0.4083939161301476 0.8334619881777393 0.3883752642135024 0.8334619881777393 0.3883752642135024 0.86219022760832 0.4083939161301476 0.86219022760832
0 0.49206349903596014 0.9478205878161674 0.48342906129104457 0.9003747884905707 0.43368717525000944 0.9289845007233227 0.4423216129949251 0.9764303000489196
0 0.5580471544161786 0.8163410672598488 0.5485897246729927 0.8056417528029106 0.5368608660340902 0.8384080880480965 0.5463182957772761 0.8491074025050347
0 0.5697008189692133 0.8759111777841198 0.5528176185575848 0.8759111777841198 0.5528176185575848 1 0.5697008189692133 1
0 0.6873858626243694 0.7934277181630315 0.6429889614880224 0.7495789269172569 0.6347635208562116 0.7759003369390519 0.6791604219925585 0.8197491281848266
0 0.8076092669571476 0.9685275914707674 0.7900025008135922 0.9685275914707674 0.7900025008135922 1 0.8076092669571476 1
0 0.800026014335286 0.7388454328666962 0.7856965753304583 0.7235606979282134 0.7663731140189979 0.7808153981103185 0.7807025530238255 0.7961001330488013
0 0.8113917147199848 0.7840798511194896 0.7951882658707808 0.6336478321737934 0.7803971920528927 0.6386830913458404 0.7966006409020967 0.7891151102915366
0 1.0019890573566896 0.7262088051442668 0.9855199731815729 0.7178435560394454 0.9772194455398447 0.7694912835879741 0.9936885297149615 0.7778565326927955
0 1 0.7273818816628341 0.9776472139599774 0.7273818816628341 0.9776472139599774 0.7462481881545586 1 0.7462481881545586
0 0.992586718189763 0.38102877906342053 0.978796406593038 0.37489975168709827 0.9700852426831725 0.43684580615725266 0.9838755542798975 0.4429748335335749
0 0.7622658144230597 0.374067401550675 0.7422471625064145 0.374067401550675 0.7422471625064145 0.3997941831302994 0.7622658144230597 0.3997941831302994
0 0.8161110684453746 0.1735614303327451 0.7994694400587138 0.17119462096219776 0.798207130366343 0.19924594745932397 0.8148487587530039 0.20161275682987131
0 0.4436556743559341 0.045450647457336485 0.41398947934692976 0.045450647457336485 0.41398947934692976 0.07031986965097338 0.4436556743559341 0.07031986965097338
0 0.44106901104696156 0.4449795782065185 0.4188780259045302 0.42116032371401363 0.4116170730444108 0.4425397960243652 0.43380805818684215 0.46635905051687015
0 0.4720251142960324 0.4302778996857296 0.4520036248667129 0.38875184753603 0.4418141168535771 0.4042787168893798 0.46183560628289655 0.4458047690390794
0 0.5370898373593781 0.4875028770040696 0.5361806597385617 0.44547866697523575 0.5263898997952746 0.4461481206465717 0.527299077416091 0.48817233067540555
0 0.4074186112512075 0.7124647700112324 0.39774507129417414 0.6715185691349006 0.389048012938643 0.6780123727070305 0.39872155289567635 0.7189585735833623
0 0.7056062671413793 0.700515374985772 0.6920957036821627 0.6941103671236247 0.682888504880326 0.7554916924692017 0.6963990683395427 0.7618967003313489
0 0.7503213668488755 0.6650307281591366 0.7447109494813191 0.6475760963489612 0.7061393300793681 0.6867599636779285 0.7117497474469247 0.7042145954881038
0 0.6042935872130862 0.4651880250539961 0.5962078390065803 0.44793842888011665 0.5794827950390888 0.47271627179491854 0.5875685432455947 0.48996586796879815
0 0.6132785890882846 0.397469082888114 0.6054294936516332 0.39485271774256353 0.6019236128976929 0.42809366118733094 0.6097727083343443 0.4307100263328814
0 0.6266213232141323 0.5924020133718967 0.6212981719126373 0.5866799695956125 0.614577750706637 0.6064391567312029 0.6199009020081321 0.612161200507487
0 0.4264003099096254 0.02057821452399701 0.42460904552675205 -0.0036237575823807105 0.40869322639320693 0.00009924104534913486 0.4104844907760803 0.024301213151726855