1 0.6171849301875757 0.6182301854024915 0.36951519801210675 0.04724126766462438 0.29906627695545496 0.1438184538614204 0.5467360091309238 0.7148073715992874
1 0.5907471917487762 0.8141226813368644 0.5549467227833756 0.6421226320926259 0.19713375939921815 0.8775035009719085 0.2329342283646187 1.049503550216147
0 0.06175767515650457 0.511791457259709 0.04595982334276652 0.48370638736861893 0.0378800060029157 0.4980705070839091 0.053677857816653754 0.5261555769749992
0 0.1588881821609881 0.5762433323473382 0.14339020116432372 0.5335096704608441 0.1339795697330806 0.5442961252007484 0.14947755072974495 0.5870297870872425
0 0.17073600841826897 0.6255869276994342 0.15947018616258887 0.5813581440289863 0.14522573841626638 0.5928253724033843 0.15649156067194647 0.6370541560738322
0 0.1312951097324555 0.6432440382804817 0.1202043890873458 0.6195838342375816 0.0757228891738051 0.6854823526280135 0.08681360981891478 0.7091425566709137
0 0.1477414029671553 0.9348683855707586 0.12555205385472892 0.8954206538153352 0.11325143641197116 0.9172884181580163 0.13544078552439753 0.9567361499134397
0 0.44640304437325873 0.9408737101473513 0.42850901992414425 0.926507181557381 0.42114578489587473 0.9554926146845367 0.4390398093449892 0.9698591432745071
0 0.4933887472202592 0.9608095569968802 0.47042017347345055 0.8995600270053896 0.45288761919983633 0.9203393505889321 0.475856192946645 0.9815888805804227
0 0.5652091355063629 0.997391043518574 0.5586666497416364 0.9691441208518172 0.5476785875371613 0.977187669655093 0.5542210733018879 1.0054345923218497
0 0.6112673100682038 0.7882572724785809 0.6091929841494597 0.760491132076045 0.5582696028501497 0.77251470821616 0.5603439287688938 0.8002808486186956
0 0.4302346676226362 0.9129158750313972 0.42167318310295354 0.9087059724779833 0.41359458286273587 0.9606299671843394 0.4221560673824185 0.9648398697377532
0 0.40320836171800445 0.9901809659669514 0.39175190429582796 0.9698139305497487 0.38716932132695736 0.9779607447166297 0.39862577874913385 0.9983277801338324
0 0.8770715772221335 0.6559471952783313 0.8652533369339935 0.6559471952783313 0.8652533369339935 0.6962524864197429 0.8770715772221335 0.6962524864197429
0 0.7846963521127946 0.31549610595598443 0.7748076204431266 0.31549610595598443 0.7748076204431266 0.35580139709739594 0.7846963521127946 0.35580139709739594
0 0.9042127516099288 0.0876509690068109 0.8926568349806144 0.07974948755086982 0.8833138857101148 0.12293467529006932 0.8948698023394291 0.1308361567460104
0 0.7364402809138157 0.1101371255564055 0.7258492784729812 0.10467080171597483 0.7178331145484472 0.15375743513040596 0.7284241169892818 0.15922375897083663
0 0.5825122374319271 0.19669951271344485 0.5575470789534303 0.17842436402330328 0.5520525462750896 0.20214679082502787 0.5770177047535865 0.22042193951516945
0 0.49414928704609706 0.05900027299597927 0.48800845735177395 0.044724156099775016 0.4722253506912337 0.06618092855331975 0.4783661803855569 0.08045704544952399
0 0.4730138783278964 0.7102241182689313 0.4703162768555329 0.6718582306619838 0.4618858084302098 0.6737316680898334 0.4645834099025733 0.7120975556967808