1 0.5417196505238048 0.39429431835520773 0.4906024464094467 0.32678016451372266 0.2578836365989897 0.8836564147203876 0.30900084071334777 0.9511705685618728
0 0.0545220178372352 0.09175885430066026 0.037638817425606694 0.09175885430066026 0.0376388174256067 0.11748563588028464 0.054522017837235204 0.11748563588028464
0 0.10965419702113145 0.4766879801548202 0.10365389582954217 0.4633539775068444 0.08971201953143793 0.48318242379748216 0.09571232072302721 0.49651642644545796
0 0.3595494847838292 0.918506240894302 0.3538703640562652 0.8957897579840461 0.3299703165810704 0.9146737461125952 0.3356494373086344 0.9373902290228511
0 0.3785565990321075 0.8996299759712715 0.36984650588174167 0.8827376741038955 0.3523826325934221 0.9111973194626386 0.3610927257437879 0.9280896213300145
0 0.825457221678012 0.9633822351548424 0.8187039415133607 0.9633822351548424 0.8187039415133607 0.9873938979624918 0.825457221678012 0.9873938979624918
0 0.7634717573096046 0.6786725190069995 0.7506887627122287 0.6786725190069995 0.7506887627122287 0.702684181814649 0.7634717573096046 0.702684181814649
0 0.8044064489874344 0.4507553915350015 0.803608863312816 0.4266505800354257 0.7577855286783579 0.43144256274229714 0.7585831143529763 0.4555473742418729
0 0.8212293277934193 0.5085831605603393 0.8140575145093198 0.48733334342226686 0.784689258331109 0.5186594833456919 0.7918610716152085 0.5399093004837643
0 0.9411071444976672 0.48387788354343514 0.9358009957968698 0.4744447302975731 0.9253092926839293 0.49309664694280086 0.9306154413847265 0.5025298001886629
0 0.8911204550625451 0.1799174814749411 0.8836878508576624 0.17441184873058374 0.8766734019968719 0.2043401638699576 0.8841060062017546 0.20984579661431496
0 0.8170156214721978 9.868649107779169e-17 0.8130118910888687 -0.014235485807392066 0.7888930333579709 0.007203498842294802 0.7928967637412999 0.021438984649686965
0 0.6865326011480404 0.03430237543949972 0.6811058581585886 0.024654832347140103 0.6724230693754649 0.04009090129491414 0.6778498123649167 0.049738444387273754
0 0.7553877815460072 0.21858893038687766 0.7352194263744806 0.20424698893156956 0.7321588264969046 0.2178496550541296 0.7523271816684312 0.23219159650943771
0 0.3390504267842567 0.17801248707057113 0.3198313472967264 0.13134502034746262 0.3097540008521521 0.14446156651341646 0.3289730803396823 0.19112903323652497
0 0.3798562867340989 0.2359969467080666 0.3759471213771206 0.16650067369512095 0.3680189424002315 0.1679101277354568 0.37192810775720975 0.23740640074840247
0 0.37097937210578497 0.1769638299255724 0.3619465397237354 0.16291275733127333 0.35806190954052886 0.17080533929080416 0.3670947419225784 0.18485641188510324
0 0.5256570719810486 0.5495499431260139 0.5176113851002508 0.4994878914232731 0.5062391161437388 0.5052642820043587 0.5142848030245366 0.5553263337070995
0 0.6309923905768842 0.5731992954388208 0.6116787514246811 0.5503090564436154 0.6035525516661169 0.5719789224664518 0.62286619081832 0.594869161461657
0 0.6195928390598964 0.2806581047419444 0.6052322339322536 0.26948874519822175 0.6022928964179667 0.2814327198594504 0.6166535015456095 0.29260207940317307
0 0.6608007936107759 0.3015940644805979 0.6590916603421298 0.2590556364609551 0.6476247963062115 0.2605117461798015 0.6493339295748576 0.3030501741994443
0 0.6191823518151435 0.31601910414900125 0.6097356266798569 0.30568422536851725 0.6017111895498176 0.32886593263307606 0.6111579146851042 0.33920081141356007