1 0.5937187929586466 0.3298769963386742 0.5773733942090322 0.058027206608244945 0.160147931383013 0.13731243286179062 0.1764933301326274 0.40916222259221985
1 0.5361983911890209 0.7907923383936061 0.16033862876254268 0.6693023141749407 0.14515352900472883 0.8177788451402247 0.521013291431207 0.9392688693588901
0 0.17550591880891583 0.18219838646903191 0.14368757957161596 0.17088519918465903 0.14136845863595277 0.19149960750166592 0.17318679787325264 0.20281279478603884
0 0.0821197438468041 0.616495711062882 0.06527735697364045 0.6130737657934139 0.06226570653530047 0.6599216615009248 0.07910809340846411 0.663343606770393
0 0.12485424602023068 0.597139716161147 0.12451204736460951 0.5613989676851591 0.06096649139635972 0.5633218592132764 0.061308690051980884 0.5990626076892643
0 0.03329742303404514 0.7528514058949163 0.020273239859360297 0.7528514058949163 0.0202732398593603 0.8055913081331463 0.03329742303404514 0.8055913081331463
0 0.03573830499136968 0.8709510706170789 0.026045775734551302 0.8582969351984548 -0.005526735620969919 0.9347277901111113 0.004165793635848458 0.9473819255297352
0 1.0011755755188432 0.5532026833624037 0.9881638676153992 0.5432890011502548 0.9761252308686827 0.5932270498773695 0.9891369387721268 0.6031407320895185
0 0.8163735494916484 0.3740794119966854 0.7973558713292958 0.3701018583941018 0.795293009299479 0.40127399573355454 0.8143106874618317 0.40525154933613816
0 0.9657660447853149 0.28524388524191985 0.9118479976733713 0.18581292605704203 0.877390155518926 0.24486777304275797 0.9313082026308697 0.3442987322276358
0 1.005241559194371 0.32768296107522726 0.9943915691787836 0.3051189708929538 0.986859678448113 0.3165654624881015 0.9977096684637003 0.339129452670375
0 0.5428806609492409 0.19981133693508277 0.5290772531401733 0.16300224944423533 0.5176115192342541 0.176591267406806 0.5314149270433217 0.2134003548976534
0 0.34160321846206315 0.09716807504304276 0.3144231210960898 0.0875040404240303 0.3112412871723599 0.11578700863496347 0.33842138453833326 0.12545104325397594
0 0.5324948370925927 0.5926633843990633 0.5188536572094155 0.5749667186046714 0.4991528729840284 0.6229620447833928 0.5127940528672057 0.6406587105777848
0 0.6232446831318064 0.6289340484490901 0.5950256195866559 0.5787668243688225 0.5840515393190974 0.5982763004000377 0.6122706028642478 0.6484435244803053
0 0.6313172980562552 0.5641666460017234 0.6214989284447453 0.5596782484650332 0.614486546002939 0.6081589171985099 0.6243049156144489 0.6126473147352001