1 0.5989345972492437 0.17414174659064516 0.46612924558105623 -0.1537727019727808 0.13524268853854926 0.2697620910416279 0.2680480402067367 0.5976765396050538
0 0.1657802544448303 0.03454856801812331 0.16538823862445406 -0.000297282681987666 0.15225353881258566 0.00016972886687877185 0.1526455546329619 0.035015579566989745
0 0.18476384958408357 3.823046504213011e-17 0.16595114055398325 3.618256069572985e-17 0.16595114055398325 0.030014578509561803 0.18476384958408357 0.030014578509561803
0 0.18903696559790875 0.10603020296426008 0.16027279868277552 0.10006430167815838 0.157686416378007 0.13947584156034534 0.18645058329314024 0.14544174284644706
0 0.2151978700416533 0.27349996234638935 0.20928068638645486 0.24002902449880223 0.19646149558356904 0.24719149301089083 0.2023786792387675 0.280662430858478
0 0.14470482065079526 0.23642859489419876 0.14251141344575255 0.20498975828858643 0.09844969898939789 0.21470534735045274 0.1006431061944406 0.24614418395606505
0 0.134307417481251 0.3249374001050024 0.08771655072153334 0.24963902958424652 0.0748931761361012 0.2747158509957583 0.12148404289581888 0.35001422151651407
0 0.02805493236614062 0.31819950341854714 0.012731418957065841 0.3179991960537226 0.01241391115269358 0.39476552742194815 0.027737424561768358 0.39496583478677266
0 0.06872540270211554 0.3533585219868638 0.06636851576577754 0.32288564038572615 0.021455141559698906 0.3338644651916565 0.023812028496036905 0.36433734679279417
0 0.09050102616568924 0.29315103098479106 0.0769315420013576 0.273162965422093 0.055792402202325383 0.3185189741863001 0.06936188636665702 0.3385070397489981
0 0.08793765404889867 0.5344751452621493 0.08261563501841228 0.5120666440811541 0.04924548701286327 0.5371148539421094 0.05456750604334966 0.5595233551231047
0 0.10707726868343462 0.5436939105976278 0.10269878652827118 0.5224649062089565 0.07310416854074045 0.5417562127489763 0.0774826506959039 0.5629852171376477
0 0.10816021957873723 0.5174782833969106 0.08067941463936101 0.5105885089391752 0.07900547651175244 0.5316902744266044 0.10648628145112865 0.5385800488843399
0 0.17653017056560466 0.5395527088526744 0.16855847224316847 0.506484923218864 0.14067208259775427 0.527731696282036 0.14864378092019045 0.5607994819158464
0 0.18863641674110077 0.5467326505618936 0.18171240758352272 0.5270376911803386 0.15753935017233084 0.5538966438594412 0.16446335932990888 0.5735916032409961
0 0.2478771663487223 0.5064202073352067 0.22545518402738993 0.4538757639155188 0.2115665445858068 0.4726068025493782 0.23398852690713917 0.525151245969066
0 0.16254328247844363 0.6900681678810028 0.15945078984455513 0.677763646925002 0.14189945156650202 0.6917051354862924 0.14499194420039052 0.7040096564422931
0 0.5385339625675182 0.6520916813215343 0.5222339098804794 0.6389199215744314 0.509505430509481 0.6887024186698893 0.5258054831965199 0.7018741784169921
0 0.5183723542405334 0.6720128173754079 0.5095777951410961 0.6595049999895418 0.5060011450190509 0.6674531113718648 0.5147957041184882 0.6799609287577308
0 0.6334557483041278 0.7804595341873628 0.6209122008502895 0.7661240513829763 0.6060386150106075 0.8072559430877768 0.6185821624644458 0.8215914258921632
0 0.5993177403875558 0.7530973610669867 0.5871226965925167 0.7463223367364094 0.584942557851005 0.7587249037992319 0.5971376016460441 0.765499928129809
0 0.531978919589696 0.6783294743160961 0.5189547364150112 0.6783294743160961 0.5189547364150112 0.7473630048880883 0.531978919589696 0.7473630048880883
0 0.5675885250572961 0.9816397005154952 0.5219454143399415 0.938192889963892 0.5131179100860597 0.9675025119310288 0.5587610208034142 1.0109493224826318
0 0.9324994427244611 0.8937743015978968 0.8933176757314364 0.8738724516966779 0.8879660197519014 0.9071716444582295 0.927147786744926 0.9270734943594484
0 0.7435430117305455 0.6869656378599164 0.7352173157359996 0.625069554506524 0.7243408645505838 0.6296933598413867 0.7326665605451297 0.6915894431947791
0 0.875836506318048 0.6370327743850572 0.8482036127888866 0.576888906433736 0.8333058133504156 0.5985216737269187 0.8609387068795771 0.6586655416782398
0 0.9905458917663795 0.38424132322141563 0.9708078698532149 0.33249871210441917 0.9567347455509522 0.34946554395797746 0.9764727674641168 0.401208155074974
0 0.994771602948915 0.35125632973459875 0.9764412710734326 0.35125632973459875 0.9764412710734326 0.3662636189893796 0.994771602948915 0.3662636189893796
0 1 0.3190978527600683 0.9909125857119713 0.3190978527600683 0.9909125857119713 0.3662636189893796 1 0.3662636189893796
0 0.988551592941433 0.12479062569578353 0.9532418064973226 0.09098980448432759 0.9448699075776114 0.11863035964781865 0.9801796940217218 0.1524311808592746
0 1 0.18351770860132072 0.9911537742892803 0.18351770860132072 0.9911537742892803 0.2105308292599263 1 0.2105308292599263
0 1.0000061142780492 0.1336305708786364 0.9885278945083757 0.1332464720683394 0.9878601654496848 0.19631123925385074 0.9993383852193581 0.1966953380641477
0 0.7508191349161796 0.18216415516295273 0.7472730109687178 0.1443388330566942 0.738981338797447 0.14679562481114483 0.7425274627449088 0.18462094691740336
0 0.7514024165848141 0.19797169559595706 0.739719638374341 0.19018317678897503 0.7291734200350225 0.24018006373093007 0.7408561982454956 0.24796858253791212
0 0.6711538281292647 0.12084505686860443 0.6527078130447562 0.051615568156375344 0.6362229557585476 0.06549755323949841 0.6546689708430561 0.1347270419517275
0 0.6796650143832588 0.1693304085323881 0.6346000913163153 0.13486214696180612 0.6290400410749781 0.15783700922030444 0.6741049641419216 0.19230527079088644
0 0.8301391175904804 0.17723734721570603 0.825116720157105 0.16235616963533506 0.8133765114675063 0.17487905890424096 0.8183989089008818 0.18976023648461193
0 0.6818053050327846 0.34748306581919003 0.6682987447034818 0.29945974020389127 0.6555639878215678 0.31077952409892595 0.6690705481508705 0.35880284971422477
0 0.6860927866835359 0.30781842198378107 0.6699757146939477 0.3006552788772974 0.667833392624909 0.31588956914601624 0.6839504646144973 0.3230527122524999
0 0.6800947214306399 0.5162771525094882 0.6609480589858031 0.4652193859899276 0.6500945730068992 0.47808277677974065 0.6692412354517359 0.5291405432993013
0 0.5544079293621644 0.5385766657564701 0.5265529877325241 0.5033413549770962 0.5171228874233417 0.5269024464402788 0.544977829052982 0.5621377572196528
0 0.5634798347093193 0.6166206837409693 0.5599002635481543 0.5402564989694498 0.5457682762873468 0.5423501267117917 0.5493478474485118 0.6187143114833112