1 0.4638626566327016 0.43111724034728705 0.3823626291313052 0.3455010498407702 0.18433628858295747 0.9412726043110171 0.2658363160843539 1.026888794817534
0 0.03217383722267887 0.19255345627806664 0.01052569174714127 0.16176498271285766 0.002007617114375408 0.18069403745233745 0.02365576258991301 0.21148251101754637
0 0.19859158283960077 0.031123347998778028 0.18371927349575715 0.023796694935144233 0.1769933700879262 0.06694645206364419 0.19186567943176983 0.07427310512727799
0 0.2156165628962254 0.05550826508829697 0.19197846360466156 0.048092390800747516 0.18945326776169505 0.07353140077433583 0.2130913670532589 0.08094727506188529
0 0.2293837363862446 4.5818213197382345e-17 0.19151712974873497 4.1696149320653623e-17 0.19151712974873497 0.020581425263699545 0.2293837363862446 0.02058142526369955
0 0.260346888839269 0.03615502732054779 0.2280936050340353 0.004299932204267189 0.21970888892664292 0.03113102374792249 0.2519621727318766 0.06298611886420308
0 0.24650812537518207 5.188316068479848e-17 0.22986611354086256 5.00715529937521e-17 0.22986611354086256 0.024869222193636947 0.24650812537518207 0.02486922219363695
0 0.24376441327917037 0.05425018994667289 0.23000898320767615 0.040911591089466376 0.21499384209545988 0.0898498287885417 0.2287492721669541 0.1031884276457482
0 0.26795554936907556 0.08898627553173616 0.24770600385826474 0.08279891440343273 0.2431378338657948 0.1300494807901918 0.26338737937660567 0.13623684191849522
0 0.2545213549584948 0.13025124344388564 0.22198639164816866 0.12527576518376404 0.22103636387664977 0.14490967246182127 0.2535713271869759 0.14988515072194286
0 0.20929185589169005 0.14329045747798475 0.20535297095001712 0.12134940950659183 0.19528855014823363 0.12705971918136263 0.19922743508990656 0.14900076715275556
0 0.22977024990535455 0.14781529425790785 0.2119646502517249 0.1114464098590047 0.2014792298070908 0.1276707641272451 0.21928482946072045 0.16403964852614827
0 0.13074506770740774 0.20809518378735342 0.1156362195511162 0.2068742667646228 0.11461228701363337 0.24692140600839682 0.1297211351699249 0.2481423230311274
0 0.11674867078295167 0.36703541720264105 0.08346464711431263 0.36703541720264105 0.08346464711431263 0.39190463939627795 0.11674867078295167 0.39190463939627795
0 0.1769430134215072 0.4260734605051726 0.15466272435370246 0.3785421771605223 0.14166226464563814 0.39780211746876565 0.16394255371344288 0.445333400813416
0 0.17331876898159151 0.4401787606810637 0.16487716877577724 0.4358909637511263 0.15847884538527868 0.4757027537364507 0.16692044559109295 0.4799905506663882
0 0.1324002249997965 0.5075649882914972 0.13011122216609478 0.472297389075945 0.10185096290773968 0.47809436533406924 0.10413996574144141 0.5133619645496215
0 0.032266133944861816 0.5228155153192635 0.027159589583906282 0.500119762603905 -0.0024599386697184006 0.5211825382509265 0.0026466056912371333 0.5438782909662849
0 0.08377482758332652 0.5911041617393479 0.07760051322167998 0.5355353324845292 0.06418562365720153 0.5402461853357041 0.07035993801884806 0.5958150145905228
0 0.0384854123999442 0.5705002669734558 0.03276083611949 0.5496105851079388 0.013463314981015675 0.5663241076894094 0.019187891261469872 0.5872137895549264
0 0.04528614108365239 0.5847271700035812 0.04128031094094439 0.5658397776398952 0.007760035967049522 0.588308741556823 0.011765866109757522 0.607196133920509
0 0.11189669872619439 0.5981028147737688 0.11109817900562687 0.5725501837156066 0.08587801712480125 0.575041063901367 0.08667653684536877 0.6005936949595293
0 0.023447826186830195 0.7105981508879967 0.011474284449976849 0.6550172657885295 -0.005061844361062898 0.6662759066811524 0.006911697375790449 0.7218567917806196
0 0.08484118679944162 0.7119311609889959 0.06228711349693912 0.6250562119719469 0.042801429509664285 0.641044465499967 0.06535550281216679 0.7279194145170159
0 0.112276362298083 0.6704478955094285 0.09274397957666758 0.6460470810586514 0.0850165098528122 0.665596918992508 0.10454889257422761 0.6899977334432852
0 0.061018101333163294 0.7409332067484606 0.05923373274351457 0.693350044357828 0.02915452897602095 0.6969149870265681 0.03093889756566967 0.7444981494172006
0 0.10880445862723127 0.7098042117633631 0.10423830650340869 0.6830161193036037 0.07322478220047138 0.6997237418237044 0.07779093432429396 0.7265118342834639
0 0.10348329903095782 0.7340708344052822 0.090459115856273 0.7109167309836203 0.06561669239344822 0.7550810393619753 0.07864087556813304 0.7782351427836374
0 0.11755006847603641 0.7875444084634188 0.11677808402408686 0.7717616152235611 0.09097724141165532 0.775750151279589 0.09174922586360487 0.7915329445194468
0 0.06758778524938708 0.8134246486224339 0.062447973498457876 0.7921039480259866 0.04448774133643235 0.8057879344351487 0.04962755308736155 0.827108635031596
0 0.08200512431070717 0.8053788642294667 0.0722925266846518 0.7891277204891387 0.048586123548344684 0.83390648196883 0.05829872117440005 0.8501576257091579
0 0.08810003050184187 0.9915421481082437 0.056674162065530775 0.9682637270443097 0.05141510935911903 0.990702351925 0.08284097779543012 1.013980772988934
0 0.5260458177660212 0.8455053470936895 0.5028902513287259 0.8007602911762102 0.4902769665448463 0.8213900191782884 0.5134325329821416 0.8661350750957677
0 0.4920772606390196 0.9304993727225015 0.47985098602832615 0.8788773243662411 0.4644211596084348 0.8904271359553998 0.4766474342191282 0.9420491843116601
0 0.5116117138604143 0.9112319841635507 0.5012003475631062 0.9105200958697179 0.5006342491150354 0.9366864241361039 0.5110456154123435 0.9373983124299367
0 0.5231385138620427 0.9050801992601549 0.5074176173489348 0.9005172179592983 0.49936142964049157 0.9882401507845668 0.5150823261535995 0.9928031320854238
0 0.9350111543343438 0.9224967219506338 0.8980470483574554 0.9126042969341192 0.8952838916682668 0.9452358616445371 0.9322479976451552 0.9551282866610519
0 0.9560947631868186 0.9723499920315256 0.9365157788763513 0.927753416657683 0.9240716965829869 0.9450200023872289 0.9436506808934543 0.9896165777610716
0 1.0043709083258126 0.7688877664128819 0.997376439583852 0.7315839331224268 0.9881871547883799 0.7370294352234473 0.9951816235303403 0.7743332685139025
0 1.0002580304847113 0.728856545774801 0.9856169386908823 0.7205273913320895 0.983791046645536 0.730671236028458 0.9984321384393648 0.7390003904711695
0 0.8539385998072431 0.377343664446855 0.8463121113626991 0.3400586098290855 0.8293672934313202 0.3510128355625024 0.8369937818758642 0.38829789018027194
0 1.0015040029407303 0.35722333670686596 0.9885555462996484 0.349540469523963 0.9834357398153929 0.37681160205408915 0.9963841964564748 0.3844944692369921
0 0.8226906186744402 0.19503924181996268 0.7871869965947029 0.15801027893976263 0.7820920832806189 0.173449410194563 0.817595705360356 0.21047837307476305
0 0.7970352547720846 0.09426737387545892 0.7854044214475538 0.0800954720967546 0.7649507309692429 0.13314839603321113 0.7765815642937737 0.14732029781191544
0 0.8587567644125923 0.09011842520147864 0.8283492553476286 0.034599609851635016 0.8141274461338923 0.05921747843213776 0.8445349551988559 0.11473629378198139
0 0.9764317459956262 0.1358336571859791 0.9576020278980146 0.11300975646160122 0.9514532499927117 0.12904212551839114 0.9702829680903233 0.15186602624276901
0 1.0034554854517086 0.07958186249997956 0.9989282262034834 0.029246582640956573 0.9808859487164491 0.03437530490496618 0.9854132079646741 0.08471058476398917
0 1.0048903558343674 0.017987249384143214 0.9965908916915097 -0.008978059401846336 0.97238025014311 0.014572753341250966 0.9806797142859677 0.04153806212724051
0 0.8706211666480044 0.05231674588547245 0.8626002625835948 0.019723865877711983 0.852326419972453 0.027714632353044364 0.8603473240368626 0.06030751236080483
0 0.9624523335895119 2.052081914806983e-16 0.9219326526016035 2.0079732058075924e-16 0.9219326526016035 0.007718034473887513 0.9624523335895119 0.007718034473887517
0 0.770225037474256 1.6637677445087808e-16 0.7579244200314981 1.6503776007053945e-16 0.7579244200314981 0.0394477317554242 0.770225037474256 0.03944773175542421
0 0.8364220254618279 0.014875357041552148 0.8285184613130876 -0.006200814021755541 0.8108745892345613 0.014710441775016077 0.8187781533833016 0.03578661283832377
0 0.8487205425686442 0.03112293356503621 0.8442608292523649 0.0033736062637431553 0.8355643882856203 0.007790846119867368 0.8400241016018996 0.03554017342116042
0 0.6696506880325787 0.18969064398640267 0.6642116408011784 0.17445398642234564 0.6487997352226043 0.1918417773315061 0.6542387824540045 0.2070784348955631
0 0.7109986763927463 0.04133157925040271 0.6977056633534949 0.037519962608323576 0.6894426307556278 0.12859694413148476 0.7027356437948792 0.1324085607735639
0 0.35547160679301276 0.1322989198969241 0.33428496953641557 0.1234365356850142 0.33081185402316626 0.14967785289623112 0.35199849127976346 0.15854023710814102
0 0.34044552801196265 0.0024803256087023596 0.32833415083755485 -0.00021109154116609 0.3263749574711065 0.027652991892765502 0.3384863346455143 0.03034440904263395
0 0.41183468603114887 0.13759567218875027 0.3936841119807423 0.13416293950782232 0.3923491537182421 0.15647157536115952 0.4104997277686486 0.1599043080420875
0 0.38775297103337353 0.21954467860711502 0.3549786414576665 0.21647807467020672 0.35432503373849494 0.23855549096222417 0.38709936331420197 0.24162209489913244
0 0.4322999604104786 0.2497515600014123 0.4261567454707851 0.20606647598581485 0.41321768767632683 0.21181716833890749 0.4193609026160203 0.2555022523545049
0 0.4041495854343322 0.34286165475495745 0.4024406761243747 0.31551910579563713 0.3890988299454292 0.3181545322013548 0.39080773925538675 0.3454970811606751
0 0.4198514799219446 0.3270094229254732 0.40206105642135576 0.3175211970584926 0.39881496795427074 0.3367572768634411 0.4166053914548596 0.3462455027304217
0 0.4490684888649516 0.2997996143343018 0.4382481939746681 0.2940287903928171 0.43209456614442693 0.33049473309054156 0.44291486103471045 0.33626555703202626
0 0.43936252945662024 0.30306148700797514 0.43000441265703193 0.26978818283166095 0.4205498204265199 0.2781922648143383 0.4299079372261083 0.3114655689906525
0 0.4019412336395424 0.2662386008438127 0.38758760461204494 0.25430296667040975 0.37818948706014727 0.290023014990266 0.3925431160876447 0.30195864916366894
0 0.3014290899220809 0.6340693642318151 0.28628423806028513 0.6314426148574115 0.28465490049383246 0.6611327660683264 0.2997997523556282 0.66375951544273
0 0.4632618047485131 0.5347415154554054 0.4567912973986377 0.5059837050115149 0.44498137395799114 0.5143818727915301 0.4514518813078665 0.5431396832354207
0 0.4963280017710044 0.6295093034249934 0.4802198567875823 0.6116113645545244 0.46007112563823105 0.6689233109349011 0.4761792706216532 0.6868212498053702
0 0.5209083697796069 0.5374753556359066 0.5103925478089354 0.48139097179232565 0.4952700240116624 0.4903524673758948 0.5057858459823339 0.5464368512194758
0 0.4928594419606123 0.5882718428872435 0.47361650465747424 0.5825702318344619 0.47169351464919995 0.6030821252560544 0.49093645195233804 0.608783736308836
0 0.49712335030709476 0.6082538717033168 0.4950810652366122 0.5947683067934642 0.48166565755583723 0.6011893566235786 0.4837079426263198 0.6146749215334314
0 0.5124130224745853 0.5662978395370795 0.45031369750876793 0.5584122109699914 0.4493195598195553 0.5831551934570616 0.5114188847853727 0.5910408220241496
0 0.5256597847525938 0.5958322718523548 0.4978748606465995 0.5711345615359154 0.49218281022210764 0.5913729630452199 0.519967734328102 0.6160706733616593
0 0.5654681486724158 0.5902341584340705 0.5417576944240654 0.56167963288767 0.5357570533647825 0.5774273469903382 0.5594675076131329 0.6059818725367385
0 0.5648760774957792 0.5528334855402901 0.5518467213757364 0.5426416336419456 0.538688041621748 0.5958080164863436 0.5517173977417907 0.6059998683846882
0 0.57868154658313 0.5275453223928694 0.5602022452922508 0.5078340676825985 0.5522643035861112 0.531353894960049 0.5707436048769904 0.55106514967032
0 0.6181061508958764 0.5166997852963606 0.6000483557151777 0.470004880586677 0.5884098872843955 0.4842296753354114 0.6064676824650941 0.530924580045095
0 0.6339391672869166 0.5310733596807605 0.6194785960148506 0.5220756708892527 0.6146467669438165 0.5466182947421235 0.6291073382158826 0.5556159835336314
0 0.598595210530829 0.40296716594376963 0.5924690206671807 0.3702941533376476 0.5515875568133091 0.39452020599179527 0.5577137466769573 0.42719321859791726
0 0.6063560218467295 0.44373521554629997 0.6056442880072743 0.4146332096663551 0.5661116598951832 0.41768887174265207 0.5668233937346384 0.44679087762259695
0 0.6929886209108981 0.37012494348613917 0.6886537451295343 0.3238862684849224 0.6778198149812228 0.3270963218621998 0.6821546907625866 0.37333499686341654
0 0.6938599166472976 0.4004205806492812 0.6842942303290303 0.36094314505008207 0.6710269325352929 0.37110340045451673 0.6805926188535604 0.41058083605371587
0 0.7408567695192589 0.40016242660251256 0.7194250362908508 0.36750454739731875 0.7083757619374252 0.39042156087109015 0.7298074951658335 0.42307944007628395
0 0.4583495127904287 0.11632129499655451 0.44680399101857304 0.09630905725867143 0.4241154178723706 0.1376785353600091 0.43566093964422625 0.15769077309789217
0 0.4658180975785293 0.18941079137095948 0.46407630624139123 0.1593303314534008 0.44249516731407307 0.1632798209302956 0.44423695865121116 0.1933602808478543
0 0.4831800658842161 0.19172287740097588 0.47012876683397564 0.1360373347866173 0.45642811392174965 0.14618596657345156 0.4694794129719901 0.20187150918781013
0 0.4953665112193721 0.13292170482805937 0.4825835166219962 0.13292170482805937 0.4825835166219962 0.17922991167138325 0.4953665112193721 0.17922991167138325
0 0.5144686465422432 0.1284623960209242 0.4813293360199893 0.04990995626447149 0.46944356293020273 0.06575765371752038 0.5025828734524567 0.14431009347397308
0 0.4652365356772762 0.05691656568031825 0.4538789764853067 0.05304427761486744 0.44844518336821027 0.10341467730350741 0.4598027425601798 0.10728696536895821
0 0.5034503716047384 0.06828700777702269 0.4854995283462705 0.02323391097145618 0.4726844682154952 0.039371394099099226 0.4906353114739631 0.08442449090466574
0 0.5034904484209257 0.07638553360064083 0.494447170954449 0.07588312929694778 0.49405185699359144 0.09837210129240484 0.5030951344600683 0.0988745055960979
0 0.5154222880672005 0.11437339774687229 0.5096317042887702 0.06477324578617852 0.5001818864396521 0.0682599710302977 0.5059724702180823 0.11786012299099147
0 0.5633527473912274 0.0020752937140904315 0.5337396138692309 -0.005445502101021645 0.5315978593027266 0.021207443615468582 0.5612109928247232 0.028728239430580657