1 0.5050518344865733 0.23934482462910622 0.4465394856314152 0.08331189434868363 0.17614297161031892 0.40378183689220304 0.23465532046547702 0.5598147671726257
1 0.6479332864003389 0.5310442341671499 0.5933873046192366 0.37083188188255983 0.22439223212426002 0.7678792113508396 0.27893821390536233 0.9280915636354297
0 0.23255578202023236 0.09612353586520347 0.20896254905091807 0.09262824209197208 0.20741228867814604 0.1257004633777787 0.23100552164746033 0.12919575715101014
0 0.1696413257868106 0.40695480662035827 0.1641615213103506 0.3387616842466339 0.1506887273818711 0.3421833461967239 0.15616853185833107 0.4103764685704483
0 0.22211481167700153 0.5541312184144611 0.21267455001447838 0.4744134532642643 0.1926667739753245 0.48190174371166683 0.20210703563784765 0.5616195088618636
0 0.21615678405364513 0.8177640980014996 0.20546764781326132 0.8011365527386807 0.1979374416119687 0.8164360193063867 0.2086265778523525 0.8330635645692055
0 0.12289897950433074 0.9164308587720283 0.10951301346368256 0.8926335858108758 0.07068165251693678 0.9616671163828675 0.08406761855758496 0.98546438934402
0 0.6234858717091155 0.8633050443418496 0.584172133607752 0.8633050443418496 0.584172133607752 0.89203328377243 0.6234858717091155 0.89203328377243
0 0.6475176732079668 0.7742330403067537 0.6347154120674333 0.7189597858587352 0.6210318849713474 0.7289764854323403 0.6338341461118809 0.7842497398803587
0 0.9873297752160264 0.9088730707428225 0.9485046535857514 0.8480397351564027 0.9368794031551866 0.8714889582471146 0.9757045247854615 0.9323222938335345
0 0.7470169859814259 0.5783834553468721 0.7320845755333266 0.5624555508688976 0.7220184993215185 0.592280961866844 0.7369509097696177 0.6082088663448184
0 0.8210476916519112 0.4672286255219642 0.8151598528528978 0.4253595496178696 0.8055123097605387 0.42964734654780695 0.811400148559552 0.47151642245190156
0 0.9759010086602604 0.606002915701913 0.9563743814413261 0.5799674127433319 0.9490808388635024 0.5972558099648387 0.9686074660824366 0.6232913129234199
0 0.9131456826822112 0.3826424474492807 0.8813614975019882 0.3612620946553769 0.8782955514591865 0.37566717447552517 0.9100797366394094 0.397047527269429
0 0.9208801110803638 0.35887588987620256 0.8892539081843877 0.35005638231479747 0.8879072342517956 0.3653186868841732 0.9195334371477718 0.37413819444557833
0 0.8474610411155852 0.29296208001090235 0.8339173748513116 0.25684563663950677 0.8257911750927476 0.2664766882052125 0.8393348413570212 0.30259313157660805
0 0.9381121771319558 0.26997796210896713 0.9312559718178204 0.2439751686212828 0.9045796268828552 0.2662054560670872 0.9114358321969906 0.2922082495547715
0 0.7704217129802506 0.008635385825625027 0.7589876907813504 -0.00481180609376539 0.7223814671916452 0.09356150794575235 0.7338154893905454 0.10700869986514278
0 0.6473876597204352 0.27926421404682256 0.6382707314981557 0.23064059686133248 0.6274896020924444 0.23702941428693927 0.6366065303147239 0.2856530314724293
0 0.46317711852075927 0.7746729939629672 0.4498189819313388 0.771704519165318 0.4468245329792103 0.8142922375955884 0.46018266956863085 0.8172607123932375