1 0.6159787934943395 0.31846539747877683 0.34683947493246997 0.045054026241313744 0.28287626423012585 0.24405068175971165 0.5520155827919954 0.5174620529971747
0 0.20796278359632342 0.172094316291621 0.1872939984551178 0.11761108189641235 0.17313300116455912 0.1345896419553768 0.19380178630576475 0.18907287635058545
0 0.211101642226224 0.22819655522833168 0.20403481691107095 0.19050682021418203 0.19195126918789113 0.1976674410871775 0.19901809450304417 0.23535717610132714
0 0.26838799415343584 0.2196735923702547 0.2490858016464633 0.19145902949586513 0.23223173715607717 0.22790025001561887 0.2515339296630497 0.2561148128900084
0 0.2653762910454565 0.25202064285611253 0.25806892255354824 0.22777100519407611 0.22866638562261304 0.2557734213187762 0.23597375411452134 0.28002305898081276
0 0.18531294465239717 0.29233796988384614 0.17804699872802965 0.24947622826939536 0.16551963165943423 0.2561879987536353 0.17278557758380175 0.299049740368086
0 0.10339889895945303 0.554393157513582 0.093096514542202 0.5305486451516425 0.052755574362576774 0.5856357905177008 0.06305795877982781 0.6094803028796404
0 0.22507129346410343 0.6037353390568685 0.11860812126549779 0.5871328950492889 0.11723237395906982 0.6150147071262291 0.22369554615767548 0.6316171511338087
0 0.1956189615533965 0.7510630678009317 0.17943385302395667 0.7483227319652592 0.17691465188388442 0.7953478199132736 0.19309976041332425 0.7980881557489461
0 0.24771176807892537 0.9298282338214174 0.22973298294941452 0.8808193973202322 0.21587935417663656 0.896881575607511 0.2338581393061474 0.9458904121086964
0 0.8211545285081202 0.7629846545319048 0.8098858818633564 0.7389448750230752 0.7718334414039856 0.7953188608888089 0.7831020880487494 0.8193586403976385
0 0.8413756677804047 0.4060543692650715 0.8319693132653545 0.38933196123831554 0.8223217701729952 0.40648314895806514 0.8317281246880455 0.4232055569848211
0 0.9474456979623118 0.4626637467815382 0.9274741072314834 0.43425970663102526 0.9184618901476449 0.4542868557062208 0.9384334808784733 0.48269089585673375
0 0.8434450657737157 0.31003344481605316 0.8412598972632963 0.28284023668639036 0.8151922358277419 0.2894605951462139 0.8173774043381613 0.3166538032758767
0 0.8869603088918016 0.12091587342423475 0.8765892000675155 0.12091587342423475 0.8765892000675155 0.15264557070577148 0.8869603088918016 0.15264557070577148
0 0.8683447277836035 0.17219877151768104 0.8652455965485841 0.1461201560881846 0.8331918361490481 0.1581591271302639 0.8362909673840675 0.18423774255976033
0 0.9932050711992646 0.11403417161886001 0.975056227758193 0.1108077105626695 0.9740007292317517 0.12957212881051433 0.9921495726728233 0.1327985898667048
0 0.9484392772478598 0.14222622416602398 0.933726774032013 0.06375954034816939 0.9127433678061315 0.07619415144498731 0.9274558710219784 0.1546608352628419
0 1.0021389478000085 0.03138361990321551 0.9908345751632273 -0.004343780035253906 0.978238376466972 0.008252418661001274 0.9895427491037532 0.04397981859947069
0 0.8560881709962523 1.852805068791881e-16 0.8449934964400393 1.8407276841849052e-16 0.8449934964400393 0.029585798816568212 0.8560881709962523 0.029585798816568212
0 0.6813787091929784 0.10494785647154813 0.661003906224865 0.08992903151944295 0.6552823499896465 0.11446067132534715 0.6756571529577599 0.1294794962774523
0 0.7067030694446805 0.1112801994160218 0.6993996193113736 0.0859162795732195 0.6754472778492343 0.10771417762342031 0.6827507279825412 0.1330780974662226
0 0.8116611879487945 0.17708601320641462 0.7860951987540428 0.1770860132064146 0.7860951987540428 0.20238401509304524 0.8116611879487945 0.20238401509304527
0 0.5523407652197047 0.21333245601330855 0.5323013180114099 0.19502481288474285 0.5248875941062988 0.22067229017810006 0.5449270413145936 0.23897993330666573
0 0.41673653381548414 0.41135974701132144 0.36515450251368253 0.3706035741308857 0.35972402980396284 0.3923254649697643 0.41130606110576445 0.43308163785020004
0 0.4059745885606881 0.3961726491112947 0.39392258088223325 0.38392933972365806 0.38265721902515537 0.4189771321679002 0.3947092267036102 0.43122044155553685
0 0.4297348283436053 0.4554195257131552 0.42069735047620394 0.3911530164338583 0.4036155241773799 0.3987449392333358 0.4126530020447813 0.4630114485126327