1 0.6159928700109457 0.8083749398072022 0.3009638411274183 0.4723439756647707 0.252926053611912 0.6146781608958994 0.5679550824954394 0.950709125038331
0 0.22009368822381317 0.014450198379326274 0.2141743584101457 -0.009415036107523441 0.17596556821722426 0.020536911410287254 0.18188489803089172 0.044402145897136966
0 0.17795924199425903 0.5085152712754835 0.15297561779120283 0.4431036006347547 0.136930438237537 0.46247226731133345 0.1619140624405932 0.5278839379520622
0 0.1801366086273498 0.577700456711807 0.16662933944109676 0.5404804260652433 0.1571528080879758 0.5513495659684645 0.17066007727422883 0.5885695966150283
0 0.24010953429480847 0.5586494953010779 0.22045975902581239 0.5376897350141494 0.193049386592816 0.6189056533341408 0.2126991618618121 0.6398654136210694
0 0.15025776281470904 0.6577101527352699 0.14589980120128435 0.6028817809834648 0.13064510561663842 0.6067138784250183 0.1350030672300631 0.6615422501768234
0 0.08516833615967767 0.7938760906269626 0.06963390558500915 0.7710059567253674 0.053987001843224885 0.8045959555337261 0.06952143241789341 0.8274660894353213
0 0.04652411359911199 0.9686610794883974 0.036234917876553446 0.9561455665627123 0.02221412529751643 0.9925756601014066 0.03250332102007497 1.005091173027092
0 0.4060191362920283 0.7998588639366067 0.3475173483568231 0.7565242062068261 0.3412735612223451 0.7831643646472662 0.3997753491575503 0.8264990223770466
0 0.9785552180157291 0.8720269382122942 0.947229078092304 0.8581042093574387 0.9438666255733495 0.88201498282556 0.9751927654967746 0.8959377116804157
0 1 0.9449447083561121 0.9803002883103763 0.9449447083561121 0.9803002883103763 0.9899665761204547 1 0.9899665761204547
0 0.8591311103853456 0.6829957308218501 0.8363649946426411 0.6824005382534133 0.8361582764760567 0.7073904677249482 0.8589243922187612 0.7079856602933848
0 0.8880687200470843 0.5263862207346488 0.8509834235600106 0.5187789804296079 0.8492669355098189 0.5452256111288568 0.8863522319968926 0.5528328514338978
0 0.9774319995371483 0.4899830414764719 0.9491127499675764 0.40187870948225146 0.9309308418319766 0.42034921933429004 0.9592500914015484 0.5084535513285106
0 0.9749941396095786 0.2957722400782724 0.9400217958997769 0.29191322284132876 0.939379205353049 0.3103182854142752 0.9743515490628507 0.3141773026512189
0 0.8850971444092091 0.2843708774680096 0.8714261059097069 0.2776197473447982 0.8587274236516762 0.35889131379619005 0.8723984621511783 0.36564244391940137
0 0.791449632277446 0.2726181301139515 0.7710691974948374 0.23638624605598058 0.7597333343613153 0.25653889162668647 0.7801137691439239 0.2927707756846574
0 0.8124693274268857 0.006703911493577507 0.7878981857950524 -0.0008929632138491664 0.7851703208582955 0.02699187836188864 0.8097414624901288 0.03458875306931532
0 0.546904090035119 0.5670876226618133 0.5356677468873454 0.5562312524707278 0.5260369224486487 0.5877347493013089 0.5372732655964223 0.5985911194923944
0 0.4844948223289729 0.6701551587615273 0.4753114534797367 0.6130141970329466 0.4642895905695038 0.6186126035905252 0.47347295941874 0.6757535653191059
0 0.4864425338589399 0.6282480114085545 0.47583023645734485 0.6282480114085545 0.47583023645734485 0.6625503868480537 0.4864425338589399 0.6625503868480537
0 0.6850275490952744 0.4537861299232616 0.6734890875568129 0.4384015145386463 0.6646905282565814 0.45925735880586177 0.6762289897950429 0.4746419741904771
0 0.7169153143667494 0.4576480787529944 0.7116480024208923 0.4368841823867174 0.6831011381703513 0.45977142867037557 0.6883684501162084 0.4805353250366527