1 0.4659185296887305 0.0928870500786164 0.21138484904276145 -0.09979872138462444 0.0046991874642889064 0.7631021493353126 0.259232868110258 0.9557879207985535
0 0.06754620101192003 1.3340550678188555e-17 0.055004394991853146 1.1975281113921717e-17 0.055004394991853146 0.02229654403567447 0.06754620101192003 0.02229654403567447
0 0.06907578603906991 0.07622351059520187 0.029770307945935312 0.06385600519716542 0.027444685229958847 0.08721559336652901 0.06675016332309346 0.09958309876456546
0 0.05932310001662125 0.11596668516961883 0.04266654995532145 0.0842891119264233 0.03177334237717838 0.10239183369879631 0.04842989243847818 0.13406940694199182
0 0.04037865418277499 0.1232974438909758 0.038025155689712486 0.03543350014997586 0.02099680559128718 0.0368750535974616 0.02335030408434968 0.12473899733846154
0 0.24831617130030498 0.1171369813989681 0.21676224682781253 0.027475556668388634 0.19987013444149848 0.046263820701485554 0.23142405891399093 0.13592524543206502
0 0.2735212460337877 0.07289254780893567 0.25312451472568503 0.04699193662404371 0.24526958943764943 0.06654197289648812 0.2656663207457521 0.09244258408138009
0 0.08562107846628617 0.11717377112440645 0.07107905330283952 0.09065839760701083 0.04304831931965698 0.13924500317786057 0.057590344483103635 0.16576037669525617
0 0.12805625654298988 0.06097542944504078 0.09306561576870251 0.05579163081181303 0.09161016745735523 0.08684119478722174 0.1266008082316426 0.0920249934204495
0 0.13276359222426168 0.08361204013377924 0.09851481424638672 0.08361204013377924 0.09851481424638672 0.10204956693251004 0.13276359222426168 0.10204956693251004
0 0.16102610691465077 0.15312677395197521 0.1257977188992306 0.07466150102874053 0.11542381997572115 0.0893816511832004 0.15065220799114132 0.1678469241064351
0 0.12938695214193596 0.15864848640768364 0.12877014200980152 0.13726573516035648 0.08120174461959376 0.14160245515034695 0.0818185547517282 0.1629852063976741
0 0.1549539241861989 0.1568898290479251 0.11373503328507253 0.0989652924165009 0.10278590123866804 0.12358984641644671 0.14400479213979442 0.1815143830478709
0 0.11952058282743887 0.1298014511623958 0.09527859993323036 0.0712669120347547 0.08366343400556231 0.08647015730271582 0.10790541689977082 0.14500469643035693
0 0.27120583559961536 0.12434611096818451 0.25480501234260483 0.12434611096818451 0.25480501234260483 0.16250750364462735 0.27120583559961536 0.16250750364462735
0 0.033225066368846284 0.24607666580910706 0.027243589651583536 0.21417545665037285 0.015304755074789084 0.22125032158476968 0.021286231792051833 0.25315153074350394
0 0.1702733719254786 0.2040756390873218 0.15508885913202525 0.1794628340364955 0.13290201646678904 0.2227232010970278 0.14808652926024238 0.24733600614785411
0 0.20031633902111973 0.19538564760770472 0.18993525762166164 0.16415367621788202 0.14601529785472345 0.21029181577102918 0.15639637925418157 0.24152378716085188
0 0.17410331437502063 0.3032329988851725 0.16505874272593382 0.25499528342337685 0.14819966117203626 0.26498585027013116 0.1572442328211231 0.3132235657319268
0 0.2406324287338295 0.39776172647163927 0.2248976287562915 0.3811851470714346 0.2186448454972437 0.399943496848578 0.2343796454747817 0.41652007624878273
0 0.264241954182428 0.3460546295637625 0.2452427126143673 0.3100264381458103 0.20341930958695095 0.37973210985817096 0.2224185511550117 0.4157603012761231
0 0.14245024697780612 0.41635667053727243 0.12547578602341203 0.4113272006248593 0.12368968682928605 0.4303789253622028 0.14066414778368014 0.4354083952746159
0 0.18821614671043269 0.3158786019795799 0.16869719626373686 0.3096587267848257 0.15924712540915897 0.4033857453191191 0.1787660758558548 0.4096056205138733
0 0.14640908194420227 0.39283693047164997 0.11217521055330565 0.3819690347920004 0.10962022154522416 0.4074053698057896 0.14385409293612078 0.4182732654854393
0 0.09235487444529955 0.40840812099958046 0.06424331679843082 0.37561130374490026 0.057736658127846896 0.3932378076567466 0.08584821577471563 0.4260346249114268
0 0.03522693165251694 0.37904124860646576 0.007249056684675433 0.37904124860646576 0.007249056684675434 0.4056255895720776 0.03522693165251694 0.4056255895720776
0 0.0605332612061696 0.385388422553252 0.02616287048499509 0.37420056454072564 0.023315687937925197 0.4018450036302247 0.05768607865909971 0.41303286164275105
0 0.0971289555178015 0.5084456027360665 0.04221778115205112 0.44378828919717433 0.030258927640586714 0.47588699840441645 0.0851701020063371 0.5405443119433087
0 0.009667129718180734 0.7469582613014 0.005346336612224896 0.67573064161534 -0.0028712160192093245 0.6773061201154843 0.0014495770867465133 0.7485337398015443
0 0.03522693165251695 0.6080096046651227 0.01641422262241663 0.6080096046651227 0.016414222622416635 0.6611782865963464 0.03522693165251695 0.6611782865963464
0 0.12789663035634305 0.620779325669221 0.11707557769961249 0.595549913281944 0.09202685352403565 0.6295048504977259 0.10284790618076621 0.654734262885003
0 0.13556137981305202 0.6920504244918956 0.06971689820770088 0.6920504244918956 0.06971689820770088 0.7182059857645137 0.13556137981305202 0.7182059857645137
0 0.18862286682102727 0.5677043135237112 0.17222204356401674 0.5677043135237112 0.17222204356401674 0.6105822828230851 0.18862286682102727 0.6105822828230851
0 0.23478510174109588 0.7587621597332359 0.22866017065431765 0.6813309321670521 0.21146504764402435 0.6856297129196255 0.21758997873080257 0.7630609404858093
0 0.255563026773823 0.6477692022316472 0.24386966973467866 0.637969055379793 0.2337349168563312 0.6761876520927532 0.2454282738954755 0.6859877989446075
0 0.12412680063217463 0.9308914818840763 0.12239674688713659 0.9137388122751524 0.07532807527144224 0.9287430784760176 0.07705812901648028 0.9458957480849415
0 0.14439600621281926 0.7139628420197918 0.13062448546541758 0.7129932299979724 0.12925426428686002 0.7745009362354441 0.1430257850342617 0.7754705482572635
0 0.10348329903095788 0.7272103593173822 0.08225870422776778 0.7272103593173822 0.08225870422776778 0.7580824972129315 0.10348329903095788 0.7580824972129315
0 0.17935972150511376 0.7606911215668656 0.1614030926700854 0.7510635815918238 0.14422211070319269 0.8523409489756122 0.16217873953822104 0.8619684889506539
0 0.16137181019243577 0.8715459416679422 0.1118967719277307 0.8014363866390526 0.10204400480189202 0.8234110430166806 0.15151904306659708 0.8935205980455704
0 0.17709486464080584 0.8817613428074011 0.06635405330585914 0.7748182273344207 0.04996412994453961 0.8284579765169209 0.1607049412794863 0.9354010919899013
0 0.04125664608524144 0.9736729477866921 0.026544142869393755 0.9736729477866921 0.026544142869393755 1 0.04125664608524144 1
0 0.11191048548301821 0.9820461491070502 0.10653620190790611 0.9670000069366841 0.08736641529196071 0.9886405244486978 0.09274069886707281 1.003686666619064
0 0.1841412761100325 0.9095270620731392 0.16687741449216792 0.9044645780248308 0.1613490179414466 0.9640484075159387 0.17861287955931116 0.969110891564247
0 0.2140441413972954 0.9633822351548399 0.2075320498099519 0.9402281317331797 0.19267483344771902 0.9534345462773897 0.19918692503506252 0.9765886496990499
0 0.23809782275839186 0.9841575011038789 0.23200120352174983 0.9510400632752058 0.22204326246934236 0.9568337744329702 0.22813988170598443 0.9899512122616433
0 0.3834254721509531 0.9048428844880296 0.36761545319328126 0.8947517751013605 0.3463601963810992 1 0.36217021533877103 1.0100911093866694
0 0.408396517707437 0.9953218598697815 0.406085472769385 0.9614265341116854 0.39623188260283604 0.9635498666728274 0.3985429275408881 0.9974451924309233
0 0.3674003528604648 0.7241483887992176 0.33193144443267386 0.7083844294979778 0.32790217643527686 0.7370370019239125 0.3633710848630679 0.7528009612251524
0 0.3862092554711241 0.6889527735975567 0.3669729957686762 0.6615945375762974 0.35892553299407415 0.679477788186524 0.37816179269652206 0.7068360242077834
0 0.40276121753642957 0.6146853955910108 0.3934847337937765 0.5899481056106026 0.36960706464018767 0.6182475653481894 0.37888354838284066 0.6429848553285975
0 0.47765804297994907 0.5998929157290276 0.47387073045517825 0.5594949154648066 0.4568962695007843 0.5645243853772198 0.46068358202555504 0.6049223856414406
0 0.43777066718120206 0.7875825610274093 0.42764074693422494 0.7875825610274093 0.427640746934225 0.827459072475827 0.4377706671812021 0.827459072475827
0 0.4849303955166679 0.8188473107395178 0.4844418614949266 0.7927921629133166 0.46501560727149416 0.7939433483487792 0.4655041412932355 0.8199984961749804
0 0.4939806429145892 0.8057303718173606 0.49186861321058617 0.7832020549746626 0.4792355466477537 0.7869451858080946 0.48134757635175673 0.8094735026507927
0 0.5164832687641557 0.9528392991741728 0.5099428020500711 0.906329313651793 0.44519076282429587 0.9351079977521377 0.4517312295383805 0.9816179832745173
0 0.5490398243170869 0.8530530798774881 0.5450405375856816 0.8407293518755282 0.5301880325652473 0.8559626903580251 0.5341873192966525 0.8682864183599849
0 0.5634526732870967 0.9908696871278523 0.5227255160748062 0.9477058623900396 0.513649257577159 0.9747719809206576 0.5543764147894494 1.0179358056584702
0 0.6502578037904121 0.9891090167344667 0.6348217348426375 0.9891090167344667 0.6348217348426375 1 0.6502578037904121 1
0 0.5804829174691981 0.7488631103311516 0.5619317899162569 0.7338389872759301 0.5482669195300761 0.7871653107341966 0.5668180470830173 0.8021894337894181
0 0.5977992882257093 0.6998971138101895 0.5832797358717089 0.6962096084504433 0.5798355629877366 0.7390704265620975 0.594355115341737 0.7427579319218438
0 0.7641953230415315 0.8364634460286956 0.756284337705797 0.8083354981683062 0.717115312750819 0.8431524092393978 0.7250262980865535 0.8712803570997872
0 0.7746546950312576 0.7964104675780029 0.7741201502343924 0.7663175753100352 0.7153084755154575 0.7696192833644315 0.7158430203123227 0.7997121756323993
0 0.8068525856961097 0.8890391369308605 0.7826158218110448 0.828066146025037 0.7718618540025267 0.841576315953368 0.7960986178875916 0.9025493068591915
0 0.8047150040294399 0.9993997293663166 0.8044280738059095 0.966753446155749 0.7852657973430386 0.9672857316130509 0.7855527275665689 0.9999320148236185
0 0.8623786298368784 0.7766544731762449 0.8288599362011281 0.7667230083952816 0.826408938766853 0.7928669810275483 0.8599276324026033 0.8027984458085116
0 0.900141429839393 0.814410660311641 0.8892383845637816 0.8056001186747834 0.8821348853690651 0.833382693303008 0.8930379306446766 0.8421932349398655
0 0.8841612204488231 0.8311628891141711 0.8836263775036124 0.8143648588349603 0.8621338904907073 0.8165276248236804 0.862668733435918 0.833325655102891
0 0.8927005970317552 0.8753108862139283 0.8789528481251432 0.8264300012126422 0.8693053050327839 0.8350055950725173 0.8830530539393959 0.8838864800738034
0 0.8940228779379433 0.8447262829360338 0.8846460335547051 0.824209426849632 0.8765193972557296 0.8359479015037077 0.8858962416389679 0.8564647575901094
0 0.8905781375514363 0.8883457888809385 0.8774324205621029 0.8713645909155008 0.851654768415623 0.9344333460021582 0.8648004854049564 0.9514145439675958
0 0.8685335015853958 0.8162250445193908 0.8484666119532887 0.7983878092908517 0.8437393158380329 0.8151959732562064 0.86380620547014 0.8330332084847455
0 0.9774060253826685 0.969813930549749 0.9547342991156246 0.969813930549749 0.9547342991156246 1.0000000000000004 0.9774060253826685 1.0000000000000004
0 0.9819757117765797 0.9604222072366994 0.9711629518238629 0.9232583508066207 0.9391826135046182 0.9526655584565005 0.949995373457335 0.9898294148865792
0 0.9761220508975827 0.9334559348173674 0.955345783096919 0.8754142977869445 0.9394897622733598 0.8933524223550123 0.9602660300740236 0.9513940593854352
0 0.9898618023560523 0.856181849744712 0.9506233396705362 0.8181324313830018 0.9450560313637356 0.8362777325310938 0.9842944940492516 0.874327150892804
0 0.962994868634082 0.8041534602942851 0.9486015364454814 0.7860912395085907 0.9376260636341741 0.8137331710333652 0.9520193958227747 0.8317953918190596
0 0.9493597162856251 0.7904905478726262 0.9383301376084092 0.7260638025834907 0.9239435310688214 0.7338478602280986 0.9349731097460373 0.7982746055172341
0 0.8229896770024661 0.6545948900927345 0.8125814622432095 0.6422592281558388 0.7980730416697009 0.6809483496851979 0.8084812564289575 0.6932840116220937
0 0.9173333535927215 0.6772545742796737 0.8888922055159895 0.6721983701771436 0.8878629750524234 0.6904958006405398 0.9163041231291554 0.69555200474307
0 0.9947529703549599 0.7601940281054103 0.980018832627242 0.7382476848232838 0.9684569975348077 0.7627803241592016 0.9831911352625257 0.7847266674413281
0 0.9817760947702114 0.7346953896740163 0.969150494039666 0.6884840405948959 0.9562037333541306 0.6996634656947868 0.9688293340846759 0.7458748147739072
0 1.0025261940260675 0.688804717665035 0.9722204709705256 0.6780293494675088 0.9694931847501854 0.7022718936483088 0.9997989078057273 0.7130472618458351
0 0.9823269261139018 0.6825153480464343 0.9813315854507187 0.6636407399149614 0.9650213538374602 0.6663591118505043 0.9660166945006433 0.6852337199819771
0 0.9958426720156511 0.5178856669052805 0.9732968557751366 0.516706800696626 0.9718205398680474 0.6059418955251278 0.9943663561085619 0.6071207617337822
0 0.8633121847290307 0.5233773593380239 0.853797711196566 0.504348412273095 0.824770250075056 0.5502189681194328 0.8342847236075208 0.5692479151843617
0 0.8178221437848552 0.4799890922911307 0.8024198719625633 0.4297890952406985 0.792449719945141 0.4394571214394111 0.8078519917674332 0.4896571184898433
0 0.8414239054958667 0.5112769006916079 0.8353941910631419 0.47911842371707736 0.8238894959255036 0.485936020835678 0.8299192103582282 0.5180944978102086
0 0.8757266755002363 0.49530256461929184 0.830964563902407 0.45386986628080517 0.8240595073041788 0.47744692020350343 0.8688216189020079 0.51887961854199
0 0.9513576590332988 0.4539919337076444 0.9074522365073173 0.41062855343507015 0.898419041677915 0.4395347768891576 0.9423244642038965 0.48289815716173184
0 0.9070529433720481 0.4147460656503827 0.8783688465699737 0.37262062880095964 0.8683541006436217 0.3941728305605943 0.8970381974456962 0.4362982674100173
0 0.9003703937901809 0.4140296663206273 0.849817267986219 0.369093554494884 0.8427745615287968 0.39413428856571864 0.8933276873327587 0.43907040039146195
0 0.921812058312949 0.37616843251459653 0.9197137176903603 0.36497728252745926 0.8883833214979245 0.3835434432340921 0.8904816621205133 0.3947345932212294
0 0.9173533735858466 0.367965818250684 0.8956067541906727 0.2648707337106001 0.879615621119776 0.27553148909119796 0.90136224051495 0.3786265736312818
0 0.9243618630659881 0.2880197615514701 0.9115653263349168 0.28069811601440753 0.9021011939743984 0.33297618048203226 0.9148977307054696 0.3402978260190948
0 0.9170449194437618 0.2069982528101841 0.8924596749611615 0.16766186163802357 0.8644924602619302 0.22290574252539386 0.8890777047445306 0.2622421336975544
0 1 0.2597547376884746 0.9648642193626016 0.2597547376884746 0.9648642193626016 0.28548151926809906 1 0.28548151926809906
0 0.951793341099904 0.22966707106903683 0.9420192535844449 0.14940578099500376 0.929889329093202 0.15407434299850628 0.9396634166086608 0.23433563307253935
0 0.9031102960284105 0.1531944087128034 0.8954115566407079 0.13494554497898983 0.870906797186116 0.16761855758511274 0.8786055365738186 0.1858674213189263
0 0.868741294821231 0.17095116529127255 0.8586855864441945 0.1441359429525107 0.8461066744891572 0.15904428304737075 0.8561623828661937 0.1858595053861326
0 0.8819128585440321 0.1199930052451507 0.8729025339562786 0.10456792282331762 0.8608159821049117 0.12688155701045664 0.8698263066926653 0.14230663943228972
0 0.9079075465800182 0.13351253343493713 0.8759222756304214 0.10045282185912649 0.8714426413833124 0.11415054791250857 0.9034279123329092 0.14721025948831923
0 0.8785632358079523 0.07995751782734055 0.8619605562647015 0.06954015027079095 0.8453163180742835 0.15337779448919134 0.8619189976175343 0.16379516204574093
0 0.8994349799470505 0.08184387645133118 0.8771237933058808 0.06421528453732034 0.8670983052263982 0.10431723685525007 0.8894094918675679 0.12194582876926091
0 0.9458103217551923 0.11577051710830988 0.9036023207261211 0.11577051710830988 0.9036023207261211 0.14835777377583406 0.9458103217551923 0.14835777377583406
0 0.9584968409216448 0.11439842209072973 0.9036023207261212 0.06560329302804223 0.8928935478936025 0.10367892976588639 0.9477880680891261 0.1524740588285739
0 0.9809791682726353 0.10435336661315592 0.956083465622899 0.056932980613658285 0.9334312177682743 0.0945189326094799 0.9583269204180106 0.14193931860897754
0 0.9232027429770916 0.0635548266212164 0.9040588893572155 0.028981094510540553 0.8945484334859828 0.045624392285197914 0.9136922871058588 0.08019812439587376
0 0.9520552506107465 0.05962676376877591 0.9034223569415136 0.036047178959450754 0.8982961720253235 0.06946231026498594 0.9469290656945564 0.0930418950743111
0 0.8847896116960208 1.9137170955053248e-16 0.8727301828305718 1.9005895035412204e-16 0.8727301828305718 0.016293628333762293 0.8847896116960208 0.016293628333762293
0 0.8952963322109446 0.025755906238016577 0.8774506528540171 0.02437653005583862 0.8771484845231998 0.03673185736036766 0.8949941638801273 0.038111233542545614
0 0.904362774122813 0.005493424537296448 0.880255266442612 -0.0040305291141410965 0.8763508490028807 0.027204810403708764 0.9004583566830817 0.03672876405514631
0 0.870559485634791 0.022725323728668385 0.8609119425424319 0.02272532372866838 0.8609119425424319 0.06002915701912373 0.870559485634791 0.06002915701912373
0 0.9368863443947602 2.0313403195036984e-16 0.9291683099208728 2.0229386606466716e-16 0.9291683099208728 0.03387359574650563 0.9368863443947602 0.033873595746505634
0 0.9501433992992604 0.0006801333061282241 0.9389572394206199 -0.007274469274238409 0.9314388092865744 0.026140775765963395 0.9426249691652149 0.03409537834633003
0 0.9755265192741267 0.0869847584506202 0.9724675421960615 0.0380411252015787 0.9590198083490291 0.040697467689881424 0.9620787854270942 0.08964110093892293
0 1.0044099122300225 0.03640020028904889 0.9977334525304539 0.010503629333145525 0.946024865396414 0.05263655218310337 0.9527013250959827 0.07853312313900673
0 0.9697526393934207 0.01376515426786076 0.9640038972208602 -0.009229814422380776 0.9521210084480809 0.00015913473142031224 0.9578697506206414 0.023154103421661847
0 0.9653553442894534 0.04161829009767764 0.9523649025219568 0.0020283723300690403 0.9376686451688293 0.017268935511090138 0.9506590869363258 0.05685885327869874
0 0.358500897774296 0.09886582079437314 0.3536831025822445 0.058376875341980265 0.34225119090023665 0.06267605580359002 0.34706898609228815 0.1031650012559829
0 0.357558761666837 0.20124939805927708 0.32751779671462944 0.19457362806989764 0.3257441330230342 0.21979906723925235 0.3557850979752417 0.22647483722863182
0 0.41840321853489804 0.11006774719149306 0.40089292782226627 0.0996912786210444 0.39575561112558494 0.12709030100334437 0.4132659018382167 0.13746676957379303
0 0.4713980239950291 0.10946493338781346 0.46592162453377817 0.07052164833002915 0.45848734132731317 0.07382577419956918 0.4639637407885641 0.11276905925735349
0 0.466229505014817 0.14775059669232457 0.46375776222254106 0.13566652081897543 0.44964030819742645 0.14479295574430204 0.4521120509897024 0.15687703161765118
0 0.4739971856046177 0.14784323814424138 0.4716663391935037 0.12505273990223814 0.46521406237333385 0.12713832432895966 0.4675449087844478 0.1499288225709629
0 0.5259009674415097 0.09244490180945 0.5207395318870974 0.07409313094931802 0.49613829700158185 0.09596089529199928 0.5012997325559941 0.11431266615213126
0 0.5404533442764459 0.09884513644581706 0.5294000571092384 0.051684444532399176 0.5180798926405118 0.06006975154627087 0.5291331798077192 0.10723044345968875
0 0.4975334801564768 0.1301247419076081 0.48195455335906545 0.10858350979266855 0.47142203371765706 0.13265784040160147 0.4870009605150684 0.15419907251654102
0 0.49689511764792504 0.1059108264633137 0.4923804203100654 0.08838899641966444 0.44758005282406516 0.12487158958389112 0.4520947501619248 0.14239341962754037
0 0.5209396515781948 0.11640191410711125 0.5122456842816647 0.10142897042975393 0.4930657853872683 0.13662649098147764 0.5017597526837982 0.15159943465883494
0 0.5423377385501701 0.14645967258710357 0.5377935614057118 0.13164902115331342 0.5047906683717706 0.16365182651955987 0.5093348455162289 0.17846247795335002
0 0.3945069964138239 0.39751505676383453 0.385751851057508 0.3404444796263678 0.3700374875974537 0.3480635649403335 0.37879263295376964 0.40513414207780024
0 0.3741273616848317 0.3599881280626265 0.3667439427390176 0.2924825834151838 0.35553701238399754 0.2963565840317339 0.3629204313298116 0.36386212867917656
0 0.41505920984832595 0.3679181989235106 0.39428861707301155 0.3586868243567041 0.3909545396807992 0.3823958191457698 0.4117251324561136 0.3916271937125762
0 0.4247617730035146 0.36539350471971327 0.40308421428684155 0.33456319898933473 0.3951779350696888 0.35213270836078586 0.41685549378636183 0.38296301409116434
0 0.4789174325817207 0.27613412228796824 0.46613443798434473 0.2534087985593001 0.45841640351045754 0.2671297487350998 0.4711993981078335 0.2898550724637679
0 0.5295188078779305 0.7033702188551847 0.5232479048678972 0.6922219468373473 0.5066058930335774 0.7218077456539149 0.5128767960436108 0.7329560176717523
0 0.6185749311076716 0.7707286807622155 0.6087989164727132 0.6910722652181086 0.5932270695438975 0.6971122543298915 0.6030030841788558 0.7767686698739984
0 0.5542830080183845 0.6806680724072197 0.5521383852633942 0.657792096353986 0.5027012455252511 0.6724401377578775 0.5048458682802413 0.6953161138111112
0 0.5680631664813154 0.6344670628461198 0.5276185044832551 0.6134620948171647 0.5229195214437489 0.6420576155362114 0.5633641834418092 0.6630625835651665
0 0.5852583197787845 0.04577592860374605 0.5729327517935471 -0.009004373552868254 0.5575049996932657 0.0019664723851088675 0.5698305676785032 0.056746774541723166
0 0.5948443181996925 0.0478429424341082 0.5864210150583637 0.030996336151450796 0.5567348596153754 0.07790779166629708 0.5651581627567042 0.09475439794895449
0 0.5953632894832815 1.2807045468966502e-16 0.57920365480358 1.2631135736647506e-16 0.57920365480358 0.026584340965611977 0.5953632894832815 0.02658434096561198
0 0.646283492536611 0.0420622420785568 0.6354888330399775 0.026709837461122495 0.6315592240243093 0.03544230194038524 0.6423538835209428 0.05079470655781954
0 0.585099538430589 0.09297077168587078 0.5806418092524029 0.08080046345336259 0.5631688739145628 0.10102753071783901 0.567626603092749 0.11319783895034721
0 0.6508136518926604 0.12696275494536044 0.6503612644663064 0.1046449752452279 0.6175826283239716 0.10674490789098307 0.6180350157503256 0.1290626875911156
0 0.6568663766970712 0.13849584083697775 0.6479423993366387 0.12263099219620915 0.6194821472141795 0.1732269959694707 0.628406124574612 0.18909184461023928
0 0.6445806549222834 0.12652757576891288 0.62644119544335 0.1209462036215488 0.6249984807182548 0.13576519931635433 0.6431379401971883 0.14134657146371843
0 0.5751742065222285 0.17581080818575956 0.5689582038955383 0.15045926806121923 0.5594375179996423 0.15783712151900764 0.5656535206263325 0.18318866164354797
0 0.5790050289163844 0.2228393286823343 0.572291473929172 0.2040840004640906 0.5334161315359761 0.24806418579780784 0.5401296865231884 0.2668195140160516
0 0.5861981235455404 0.19423720092616362 0.5789624662262709 0.17494211474144528 0.5329325538952269 0.22949608491157253 0.5401682112144963 0.24879117109629087
0 0.5996101379525383 0.15249807049138167 0.5867268089070018 0.1483337621130264 0.5793599450016762 0.2203653202984306 0.5922432740472127 0.22452962867678586
0 0.5589438143096258 0.28899751307778054 0.5314483164964023 0.28899751307778054 0.5314483164964023 0.3147242946574049 0.5589438143096258 0.3147242946574049
0 0.584134798279156 0.21041527964649065 0.5733569824285358 0.20110872119770118 0.5404551327341136 0.3215337919746714 0.5512329485847338 0.3308403504234609
0 0.5796303730557422 0.2611927991398019 0.5678956211212861 0.2570204428964398 0.5634429089248127 0.2966001068650927 0.5751776608592688 0.3007724631084548
0 0.6312800894537339 0.574282473269194 0.6077355470975171 0.5231239614828476 0.5978062193306781 0.5375666200527954 0.621350761686895 0.588725131839142
0 0.6273387968591013 0.6121338180970917 0.6165804210927587 0.6035881579138976 0.6048488266633353 0.6502662479188002 0.6156072024296779 0.6588119081019942
0 0.6501130965324197 0.571563330760655 0.6339534618527182 0.571563330760655 0.6339534618527182 0.6543178115084467 0.6501130965324197 0.6543178115084467
0 0.6653340513436755 0.5952968661998761 0.654969461129587 0.5922258765068128 0.6540307812611412 0.6022384617702341 0.6643953714752298 0.6053094514632975
0 0.6595483936767468 0.5929337106594629 0.6541071793726563 0.5252208215418915 0.6429642671009814 0.5280507675156502 0.6484054814050719 0.5957636566332216
0 0.5837729124366877 0.42322687752204113 0.5700651395373644 0.39614979525177385 0.5609639352112854 0.41071172217350077 0.5746717081106087 0.43778880444376805
0 0.6009588644768499 0.42646428265157343 0.5819532045849024 0.40957036274762015 0.566951275076284 0.4629105565560413 0.5859569349682314 0.4798044764599946
0 0.6493401406481427 0.5223648853724073 0.6478995945379354 0.5005966330403873 0.6093744525357597 0.5086541790800582 0.610814998645967 0.5304224314120781
0 0.6607355784804654 0.4884129900659726 0.651065351625557 0.45715569114101623 0.628761194898596 0.47896419994071127 0.6384314217535045 0.5102214988656677
0 0.6703598998059787 0.5039552029518582 0.6613316246823858 0.4814848293109161 0.6391553127903551 0.5096452253642886 0.6481835879139479 0.5321155990052309
0 0.650035916187681 0.3139696423977361 0.6094149359973027 0.30365320298430637 0.6069065747932892 0.3348683646342508 0.6475275549836675 0.34518480404768054
0 0.6595194510474699 0.32973158391218577 0.6185173929049436 0.32973158391218577 0.6185173929049436 0.42063287882685857 0.6595194510474699 0.42063287882685857
0 0.7558929657257103 0.047722737789282474 0.7411730030693272 -0.011157112836249539 0.7251501247994401 0.0015029391300811984 0.7398700874558233 0.06038278975561321
0 0.7834904092262498 1.6816212695799624e-16 0.7613010601138238 1.6574665003660107e-16 0.7613010601138238 0.03430237543949933 0.7834904092262498 0.034302375439499336
0 0.7982146777385515 0.00024053494972833513 0.7821462241063694 -0.0029334805825545177 0.777704824694948 0.0681289100001884 0.7937732783271301 0.07130292553247125
0 0.8068857012252207 1.743583503650534e-16 0.7948262723597718 1.73045591168643e-16 0.7948262723597718 0.043735528685361603 0.8068857012252207 0.043735528685361603
0 0.832899136815118 0.05070837362383898 0.8313804804628208 0.018310371441498177 0.7953518971213555 0.0236479393439374 0.7968705534736527 0.056045941526278203
0 0.8589141944846846 0.05400180600912346 0.8551817901832639 0.02639860264217189 0.7977729639206207 0.050932289079198924 0.8015053682220414 0.07853549244615049
0 0.8448764841599586 0.036938733749886446 0.8440573981993945 0.022377205562079276 0.830612926018706 0.024767333949757213 0.8314320119792701 0.03932886213756438
0 0.8282064871505987 0.6748798616583177 0.8157964108446613 0.6609887474393259 0.8095131877894215 0.6787296125364735 0.821923264095359 0.6926207267554653
0 0.7220426937782417 0.720675316047869 0.721113257512781 0.6985340787906714 0.681974292968435 0.7037266445676991 0.6829037292338958 0.7258678818248967
0 0.715233994740665 0.687934139439156 0.7027404264360598 0.6435125632450044 0.6925140307581592 0.6526026927364716 0.7050075990627642 0.6970242689306232
0 0.700283790267471 0.6800062231177479 0.6959803789569073 0.5761778867358921 0.6817917445607844 0.578036514867314 0.6860951558713481 0.6818648512491698
0 0.7251686110665041 0.5413291333839501 0.7148151501868991 0.5183214425403835 0.6816664274274822 0.5654662926871098 0.6920198883070872 0.5884739835306765
0 0.7669898358839334 0.5907222953313525 0.7640805797403316 0.5453235327941583 0.731081350872327 0.5520069209193239 0.7339906070159288 0.5974056834565179
0 0.7869524211174521 0.5168320816967081 0.7347507982950311 0.501680590265257 0.7313074277422288 0.5391750696179928 0.7835090505646498 0.5543265610494438
0 0.7541194379042336 0.4416619617973389 0.7514491593174331 0.4187892724881776 0.7056834209807528 0.43567558265013917 0.7083536995675535 0.45854827195930054
0 0.8237206168142435 0.30957893834148015 0.8131083194126484 0.30957893834148015 0.8131083194126484 0.37260955321155986 0.8237206168142435 0.37260955321155986
0 0.7668030500252663 0.3665033714528751 0.732480187477816 0.3074118466928202 0.7219634332441319 0.32671796557591154 0.7562862957915824 0.38580949033596645
0 0.3785411412783192 0.46025536376676196 0.36047930234738834 0.4510810963732731 0.35790359037084335 0.46710774867177496 0.37596542930177423 0.4762820160652638
0 0.3841830356805225 0.4180377774267744 0.37272769143639517 0.4108501104500669 0.367299835268894 0.43819042299748 0.3787551795130213 0.44537808997418754
0 0.640220364266938 0.31272830290066245 0.6259747490310192 0.22830984224336293 0.6011035599580563 0.24157447641560928 0.615349175193975 0.3259929370729088
0 0.6519236565665567 0.2677226449348995 0.6476571138024356 0.2500243934689166 0.6208768648736458 0.2704283926527572 0.6251434076377668 0.28812664411874006
0 0.6499835416313375 0.27868078198232604 0.6388617672349775 0.2663232548752595 0.6276966330943823 0.29808185865295317 0.6388184074907425 0.3104393857600197
0 0.702170048043775 0.2900740951493418 0.6543749462143923 0.27665792621477825 0.6521807820219003 0.30136258971542834 0.6999758838512831 0.31477875864999194
0 0.7247902329643858 0.29518206494147825 0.7147667286482225 0.27555034274032963 0.6828812294020981 0.32700318254946026 0.6929047337182614 0.34663490475060893
0 0.7417294082765008 0.28556821918919284 0.7103619854790237 0.2505788499684777 0.7029824799655082 0.2714874489234381 0.7343499027629854 0.30647681814415323
0 0.6630452198364929 0.2483477009095195 0.6607526089397091 0.22694999920620385 0.6021897002033557 0.24678082544496893 0.6044823111001395 0.2681785271482846
0 0.6970966137270297 0.21499014199265648 0.6814193562019462 0.21499014199265648 0.6814193562019462 0.24714861896718698 0.6970966137270297 0.24714861896718698
0 0.6912853253310663 0.05913050187771961 0.6784644717931936 0.026694838226349066 0.671827127262525 0.03498653589829538 0.6846479808003978 0.06742219954966593