1 0.558885582778933 0.6629510992071926 0.4708180483346498 0.3233356113251448 -0.019597529879619796 0.725262955996805 0.0684700045646634 1.064878443878853
0 0.07825497384443891 0.1714261212588966 0.059731691107108936 0.10556556041505859 0.046514557070577056 0.11731412400308727 0.06503783980790702 0.18317468484692528
0 0.09695380208236629 0.15325116676700987 0.0908308446429502 0.12494949682482002 0.07835368710752286 0.1334808865926336 0.08447664454693893 0.16178255653482343
0 0.08464746558218382 0.06210197040760453 0.05332774105664506 -0.004137446979741801 0.04626947979128321 0.00641016405770715 0.07758920431682197 0.07264958144505348
0 0.09324279488195283 0.004079833243894332 0.08043309888429728 -0.010623859799783777 0.05793129061903315 0.05133233856744758 0.0707409866166887 0.06603603161112569
0 0.11162940769097664 0.10051910141928601 0.08435282760411213 0.06073104157747792 0.07760826624068369 0.07534425786490623 0.1048848463275482 0.11513231770671428
0 0.10179497898979498 2.1033319569153614e-17 0.0914238701655089 1.9904346660240656e-17 0.0914238701655089 0.00900437355286855 0.10179497898979498 0.009004373552868553
0 0.13314949403996218 2.7885922574416007e-17 0.1194017451333504 2.6389377090508122e-17 0.1194017451333504 0.019295086184718303 0.13314949403996218 0.019295086184718306
0 0.21293831792298495 0.10661181917758175 0.20226794462683956 0.06365136198525782 0.19679216393158466 0.06794981032323572 0.20746253722773006 0.11091026751555964
0 0.24457861675671025 0.04116285052739905 0.20405893576880185 0.04116285052739905 0.20405893576880185 0.05874281794014237 0.24457861675671025 0.05874281794014237
0 0.1416653061157177 0.1177165172534351 0.10398422915306108 0.07305746307547177 0.0985296567123811 0.08760298958395174 0.13621073367503772 0.13226204376191505
0 0.14446040663100393 0.07278904926235102 0.1381129886240311 0.06009421324840537 0.11624134308585346 0.09465681360503173 0.12258876109282626 0.10735164961897739
0 0.15527916762810554 0.07008116755384278 0.15213625668255348 0.057509523771634576 0.13971628819123033 0.06732283220922325 0.14285919913678238 0.07989447599143144
0 0.13004966855793848 0.11927030193302166 0.11056934311950681 0.10693572753060525 0.10284897909732908 0.14547156162421027 0.12232930453576077 0.1578061360266267
0 0.14798401030080144 0.10444064427932219 0.13912529573187637 0.09094165065048398 0.11837172803260734 0.13398608736007903 0.12723044260153243 0.14748508098891724
0 0.17876909137221303 0.23011287631649102 0.16200833119940444 0.19303228097121572 0.1509120677240617 0.20888408593599103 0.1676728278968703 0.24596468128126636
0 0.22633177323491174 0.2119326090254826 0.22222971212391063 0.18519324770932688 0.2072908627047422 0.1924363262155903 0.21139292381574332 0.21917568753174602
0 0.22846045341609347 0.21412792225001842 0.20707761271376401 0.21231773467733442 0.20651502125854782 0.2333211490054056 0.22789786196087727 0.23513133657808963
0 0.24970880256271258 0.22009776337216855 0.23624595132635506 0.21749624622504635 0.23420807119393125 0.2508269079464672 0.24767092243028876 0.2534284250935894
0 0.15392995977921484 0.3256065497763041 0.14518993002636263 0.3051420898671867 0.12029750597311462 0.3387417404411181 0.12903753572596682 0.3592062003502355
0 0.15504304584059417 0.24002763606474092 0.13041905731570963 0.2275202133219422 0.12734276527305166 0.24666158603181362 0.1519667537979362 0.2591690087746123
0 0.1918909741859389 0.2372183850921229 0.17572461244874266 0.22613287990090264 0.159760790843886 0.29971098770929544 0.17592715258108224 0.3107964929005157
0 0.2108397661452141 0.30403194153025226 0.1934968526309272 0.24086425653512597 0.18030720255314175 0.2523092439042096 0.19765011606742863 0.3154769288993359
0 0.0354681202298259 0.24954978132235642 0.012796393962781928 0.24954978132235642 0.01279639396278193 0.2997170054026239 0.0354681202298259 0.2997170054026239
0 0.05132108300863823 0.28608536581572763 0.0337253140644627 0.2840672131052845 0.033114469626179636 0.30089937096019526 0.05071023857035517 0.3029175236706384
0 0.06609906954806619 0.28899751307778043 0.04969824629105563 0.28899751307778043 0.04969824629105564 0.3048623617185488 0.06609906954806619 0.3048623617185488
0 0.033687581026750804 0.30356341147212657 0.008504656043019226 0.2767016248228129 -0.0002632581203306922 0.30268062975125715 0.024919666863400886 0.3295424164005708
0 0.06767657321587082 0.34698706939509594 0.06358288601181579 0.3033210725518416 0.021576961898868242 0.3157672722890111 0.025670649102923278 0.35943326913226537
0 0.033879113132260844 0.3997740078794571 0.027239333474578412 0.34665577061799746 0.01258074299954096 0.35244681870690114 0.019220522657223394 0.40556505596836073
0 0.02023613392438966 0.31934192212041435 0.005486524773571352 0.31409761664456787 0.0012842776381495266 0.35145092451498405 0.016033886788967833 0.35669522999083053
0 0.059232288876445806 0.39528443227046417 0.04854905365799526 0.3636304019935732 0.016662504981411072 0.39764272058192923 0.02734574019986162 0.42929675085882013
0 0.07864087556813307 0.3511705685618727 0.03474455449789898 0.3511705685618727 0.03474455449789898 0.37818368922047824 0.07864087556813307 0.37818368922047824
0 0.10806588199982844 0.38290026584340947 0.09125476172749314 0.38138061655325484 0.08976098204309955 0.43360758033353386 0.10657210231543486 0.4351272296236885
0 0.14676993657722706 0.37551451274299663 0.13945785423687732 0.3482415607458751 0.1099274629883777 0.3732641975670336 0.11723954532872746 0.40053714956415515
0 0.21785326046437914 0.4118750389841988 0.15766579132958247 0.37899484751241175 0.1532854731847216 0.4043363490962397 0.21347294231951827 0.4372165405680268
0 0.08763482497935667 0.46791956509925076 0.07763390348523526 0.4468065086116611 0.04415208172888417 0.49693134118257265 0.05415300322300558 0.5180443976701623
0 0.014243525426635813 0.43564016808163936 3.0275508967215307e-17 0.43564016808163936 3.125023267055005e-17 0.4639396278192262 0.014243525426635813 0.4639396278192262
0 0.16173858480107425 0.47723860166248905 0.13431008119012772 0.42549140210623615 0.12175107778668368 0.4465304163547408 0.1491795813976302 0.49827761591099357
0 0.23490214848992064 0.49839261364972526 0.21282488442841263 0.46934874626214135 0.2054139929166347 0.4871526898339802 0.2274912569781427 0.5161965572215641
0 0.20284689199075673 0.43090117633141856 0.17291185102964238 0.41239061960184054 0.1684638943998768 0.43512462015397574 0.19839893536099115 0.45363517688355365
0 0.21994411448122084 0.4474981444189148 0.19296010278884224 0.42693889741519736 0.1885688073123201 0.4451546416141038 0.2155528190046987 0.46571388861782104
0 0.24313148529285641 0.46522596689820733 0.21853025040734061 0.46522596689820733 0.21853025040734061 0.48409227338993194 0.24313148529285641 0.48409227338993194
0 0.23997306818134406 0.4185460685073298 0.2233807654519934 0.41553612696912556 0.22124874193987842 0.45268071438019614 0.23784104466922906 0.4556906559184003
0 0.026544142869393723 0.5389760740931306 0.013037582540090928 0.5389760740931306 0.013037582540090928 0.5732784495326297 0.026544142869393727 0.5732784495326297
0 0.05687507712805448 0.6074971606417887 0.04610983087255613 0.5921865881895244 0.015661243649354506 0.6598501153521952 0.026426489904852857 0.6751606878044593
0 0.06249615349447332 0.5260060970578677 0.04781300142434766 0.5195133778119688 0.03421786677014814 0.6166831384242975 0.0489010188402738 0.6231758576701962
0 0.062270764213008284 0.6392413833827538 0.05263657412146905 0.6229922650517247 0.022242557111526368 0.6799468194487344 0.0318767472030656 0.6961959377797635
0 0.09288447564957175 0.5864482477372829 0.07409442418476012 0.5626756945548083 0.03514069430761077 0.6599853952440857 0.053930745772422406 0.6837579484265603
0 0.13347543195055814 0.6627244098873836 0.13190556297830033 0.6205821494765513 0.06339064009691478 0.6286486598967289 0.06496050906917258 0.6707909203075613
0 0.12067541905872868 0.6494220872055659 0.1039937597870433 0.6359419585011737 0.09019149565405346 0.6899241471102007 0.10687315492573884 0.7034042758145929
0 0.128671016596418 0.6581296974654635 0.12295620521235164 0.6541787167554917 0.11643829406148168 0.6839748820166115 0.12215310544554805 0.6879258627265834
0 0.15268817370578383 0.6349159786262768 0.14098404998156203 0.6216347034782236 0.12309389307798413 0.671462103446707 0.13479801680220593 0.6847433785947602
0 0.226454296496359 0.6038722676130158 0.20566297041543946 0.581925867860934 0.19856244835681397 0.6031859105159998 0.21935377443773352 0.6251323102680816
0 0.0952828874024526 0.8218849364669084 0.07380904237635579 0.8134733361553677 0.07047171933608458 0.840400113505932 0.09194556436218139 0.8488117138174727
0 0.07108311547143537 0.8300958155840008 0.043231137370896185 0.8273192944026386 0.04241792130927555 0.8531012554673518 0.07026989940981472 0.8558777766487141
0 0.2161811397434134 0.878043328860239 0.21248071225593312 0.8155472201827955 0.1970631454455959 0.8184323788841451 0.20076357293307617 0.8809284875615886
0 0.15750954034816905 0.8085927659841025 0.13845564274075975 0.8085927659841025 0.13845564274075975 0.8849155513369881 0.15750954034816905 0.8849155513369881
0 0.18199018094503036 0.824243224778374 0.17661167567104005 0.7955578633170926 0.1479584726867334 0.8125375391596449 0.1533369779607237 0.8412229006209262
0 0.02976124517644435 0.987811561544643 0.00002644966604511273 0.9848417942027804 -0.00042530018991006335 0.9991371674223402 0.029309495320489175 1.0021069347642027
0 0.03908594888946064 0.9307949784873182 0.020755617013978267 0.9307949784873182 0.02075561701397827 1 0.03908594888946064 1
0 0.3303452836803726 0.8823428731790259 0.30417632304234843 0.8358202764892051 0.2960965057024976 0.8501843962044955 0.3222654663405218 0.8967069928943161
0 0.446166288361417 0.7981312841199202 0.4113846309352068 0.786725001641422 0.40907078161300314 0.8090245553431274 0.44385243903921334 0.8204308378216256
0 0.4720559434877904 0.8820392508018245 0.45988960941510165 0.8117448761596241 0.4495341452552897 0.8174094035632821 0.4617004793279784 0.8877037782054825
0 0.5504539881651358 0.8874882294949508 0.514516890146098 0.8874882294949508 0.514516890146098 0.9925392542784167 0.5504539881651358 0.9925392542784167
0 0.46726929779600457 0.9991024942883189 0.4649141881597567 0.9868905662406561 0.4506700830201419 0.9955725108304089 0.45302519265638974 1.007784438878072
0 0.4952218039613798 0.8321756490987584 0.481715243632077 0.8321756490987584 0.481715243632077 0.885344331029982 0.4952218039613798 0.885344331029982
0 0.5116226272183902 0.96423979454083 0.4998043869302504 0.96423979454083 0.4998043869302504 1 0.5116226272183902 1
0 0.5606321461275747 0.8520710268536678 0.5528176362227638 0.8242861027476737 0.5375745181368364 0.8378355410462758 0.5453890280416472 0.8656204651522699
0 0.5073405224617116 0.7254582736823397 0.49421897876040677 0.7184601170416431 0.48713600044879124 0.7604333218512136 0.500257544150096 0.76743147849191
0 0.5278304878367676 0.6626361480207795 0.5102237216932122 0.6626361480207795 0.5102237216932122 0.6982248625392599 0.5278304878367676 0.6982248625392599
0 0.5620032491813274 0.743265082741824 0.5481438215171288 0.741725146334691 0.5465568569870531 0.786865470745736 0.5604162846512517 0.7884054071528691
0 0.5794301367603211 0.6984601684683416 0.5626998852025955 0.6951554274199027 0.5583496668386944 0.7647589212423374 0.5750799183964199 0.7680636622907762
0 0.5959179041282399 0.7254971074847972 0.555191568590233 0.7172406963815755 0.5538609367969533 0.7379849048511683 0.5945872723349601 0.7462413159543899
0 0.6149580952328219 0.7761672150018287 0.607341254857373 0.6894041937703782 0.5844682417830022 0.6957504632939031 0.592085082158451 0.7825134845253536
0 0.6121848723751597 0.7061369432975676 0.6064139515253874 0.7024062469906441 0.6002733255571119 0.7324270850577678 0.6060442464068843 0.7361577813646915
0 0.5869216892774674 0.6909356077583664 0.5753446375666363 0.6909356077583664 0.5753446375666363 0.7239516441188842 0.5869216892774674 0.7239516441188842
0 0.6732142724201979 0.8087179848324991 0.6599019436000555 0.7816707135788761 0.6529181469190379 0.7925343973049033 0.6662304757391804 0.8195816685585263
0 0.713995273761178 0.7929200106457954 0.6872735089039617 0.7842826725101294 0.6851086002340363 0.8054506683938444 0.7118303650912526 0.8140880065295105
0 0.7634476148983018 0.772789661619125 0.7501581242885766 0.70191237836726 0.737061584540699 0.7096732908104469 0.7503510751504242 0.780550574062312
0 0.7807990049011772 0.819425758815915 0.7573384501106989 0.8162174778189265 0.7562772203705393 0.8407436762581687 0.7797377751610176 0.843951957255157
0 0.6286955685325614 0.9831061010325546 0.600235316410102 0.9831061010325546 0.600235316410102 1 0.6286955685325614 1
0 0.733612599661967 0.9363691144962368 0.7092525533537603 0.9363691144962368 0.7092525533537603 0.9578080991459239 0.733612599661967 0.9578080991459239
0 0.7558019487743931 0.9668124726987924 0.7444660856408711 0.9668124726987924 0.7444660856408711 1 0.7558019487743931 1
0 0.7902436893909012 0.8175971395369712 0.7791490148346882 0.8175971395369712 0.7791490148346882 0.8368922257216895 0.7902436893909012 0.8368922257216895
0 0.8397708152468948 0.9267789026212555 0.8366445776875281 0.8684224681797434 0.8213472599213065 0.8710124902354001 0.8244734974806732 0.929368924676912
0 0.8467665584137702 0.8643804806346935 0.8409780325583548 0.802636204843595 0.8278756260612995 0.806518399361241 0.833664151916715 0.8682626751523395
0 0.8893257400556431 0.9070327419991341 0.8445251964397391 0.8167679430100532 0.833325412464621 0.8343362315984737 0.878125956080525 0.9246010305875545
0 0.8251872214335495 0.9239736950274661 0.7994557834228699 0.9111079760221261 0.7955406707430589 0.935855354936487 0.8212721087537385 0.9487210739418271
0 0.8110069280622663 0.9119817777373866 0.7967967166542088 0.8983788403211267 0.788091800478672 0.927118881027661 0.8023020118867294 0.940721818443921
0 0.8300862419560323 0.96723442158193 0.8273513808554764 0.9423843256558911 0.8097271595531627 0.9485144895871306 0.8124620206537185 0.9733645855131693
0 0.8464406279038932 0.9355115551102493 0.8244924673687761 0.9355115551102493 0.8244924673687761 0.9771031853306421 0.8464406279038932 0.9771031853306421
0 0.8522291537593086 0.9856787791905168 0.8406521020484777 0.9856787791905168 0.8406521020484777 1 0.8522291537593086 1
0 0.8756407422837735 0.9758574064928902 0.862668707990669 0.9435714544744963 0.8354502511108408 0.9781345743218969 0.8484222854039454 1.0104205263402908
0 1.006545032425249 0.8817903652159409 0.9877116426990606 0.8472287324567709 0.9803357679398846 0.8599316278753517 0.999169157666073 0.8944932606345216
0 0.9655009572066973 0.6111311417666264 0.9444307230929856 0.5830374962816752 0.9369924673687762 0.6006689172575774 0.9580627014824881 0.6287625627425286
0 0.9825334310047953 0.6651623940009141 0.954922781400505 0.6299362580351792 0.9476928750604681 0.6478464085314457 0.9753035246647583 0.6830725444971807
0 0.9398416943857165 0.7347995935798395 0.9359215900855242 0.6825315362439431 0.9234092743718532 0.6854974184871837 0.9273293786720455 0.73776547582308
0 0.7458546392068903 0.6119133753112281 0.7100407987366594 0.6004529463607542 0.7079533634635373 0.6210695910335645 0.7437672039337684 0.6325300199840385
0 0.7758433133855185 0.671795121686102 0.7390720408602462 0.6361381301464442 0.7333664715855612 0.6547340596343064 0.7701377441108335 0.6903910511739643
0 0.7537401787272033 0.49512079850624624 0.7410528278760027 0.4424917875679279 0.7268767613234799 0.453292600179373 0.7395641121746805 0.5059216111176913
0 0.7875169194149122 0.441442616007858 0.7704544572228516 0.3989760434409507 0.7602560915688001 0.4119263490333967 0.7773185537608609 0.454392921600304
0 0.8955069394762772 0.39711932100879416 0.8915620194583742 0.3784174779609575 0.8615092619350527 0.39845264964317184 0.8654541819529558 0.4171544926910085
0 0.7816913908604343 0.35304206842717956 0.7775769974828105 0.32378415996407733 0.7253667642771022 0.3469887080555033 0.729481157654726 0.37624661651860547
0 0.8249634591423392 0.322951822912971 0.7768959944409967 0.30158850526793124 0.7734626041051867 0.32600372543369216 0.8215300688065292 0.3473670430787319
0 0.8337833412344418 0.2732502201384473 0.8208838173244339 0.23655824101664566 0.8093934851020733 0.24932527681926794 0.8222930090120811 0.28601725594106964
0 0.8550269059257348 0.24509047513228527 0.8243959566074945 0.24509047513228527 0.8243959566074945 0.266958239474966 0.8550269059257348 0.266958239474966
0 0.8427262884829769 0.23908755943037294 0.83018448246291 0.23908755943037294 0.83018448246291 0.2789640708787907 0.8427262884829769 0.2789640708787907
0 0.936679741867118 0.29009245202246725 0.9295965030623494 0.2735920336573358 0.8984429609011084 0.31585882770065676 0.905526199705877 0.3323592460657882
0 0.9872266214177974 0.19598258666356413 0.9748508098891725 0.19429016799298282 0.9738335615954633 0.2177999063364807 0.9862093731240882 0.219492325007062
0 0.9100402080101991 0.2273394890879142 0.9066496263916128 0.18815943482869432 0.8945246723057388 0.19147566158722404 0.8979152539243251 0.2306557158464439
0 0.770948603206183 0.04270645717682692 0.759130362918043 0.04270645717682691 0.759130362918043 0.08429808739721965 0.770948603206183 0.08429808739721965
0 0.7854728656091399 0.14967489700242811 0.758406797186116 0.13703798963544958 0.7549286815622442 0.16058215693550457 0.7819947499852681 0.1732190643024831
0 0.8979036074331406 0.08451371984952612 0.8609559501533764 0.07471862942058277 0.8590445783349597 0.09750517972641386 0.8959922356147239 0.1073002701553572
0 1 0.1267472770035999 0.9807826654649943 0.1267472770035999 0.9807826654649943 0.15676185551316169 1 0.15676185551316169
0 1 0.1580481945921429 0.9945304143716059 0.1580481945921429 0.9945304143716059 0.18163107770679854 1 0.18163107770679854
0 0.9916624650997417 0.1604098319143518 0.9874661546378978 0.14522318452863126 0.9673439226032512 0.16279581601307896 0.9715402330650951 0.17798246339879953
0 0.9811685671886887 0.08112511791441573 0.9413724519327071 0.057542234799760034 0.9355839260772917 0.0884143726953093 0.9753800413332732 0.11199725580996499
0 0.8691123541709371 0.000857559385987667 0.8529527194912356 0.0008575593859876651 0.8529527194912356 0.05316868193122389 0.8691123541709371 0.05316868193122389
0 0.8484907308110194 0.004930966469428021 0.8416168563577135 -0.0072892547808935705 0.8284720788943741 0.016079238487265297 0.83534595334768 0.02829945973758689
0 0.8540698750453719 0.03329906724390451 0.8515166099031289 -0.00017707573217003633 0.8402449049722592 0.002540020748340958 0.8427981701145022 0.036016163724415504
0 0.3168387233510697 0.03130091758854306 0.30405572875369385 0.03130091758854305 0.30405572875369385 0.064316953949061 0.3168387233510697 0.064316953949061
0 0.34788326540490455 0.027914672986525415 0.34492805770949914 0.010299317311952228 0.3259539882038504 0.02035964266387517 0.3289091958992558 0.037974998338448356
0 0.3589984866646792 0.031129405711345468 0.3493991812877817 -0.0030014578509561674 0.34148819595204727 0.004030529114141195 0.35108750132894473 0.038161392676442835
0 0.3788241877194772 0.009004373552868613 0.3686942674725001 0.009004373552868612 0.3686942674725001 0.03558871451848047 0.3788241877194772 0.03558871451848047
0 0.3682245566764279 0.06657907176045683 0.36563217529406095 0.042383512191698496 0.35121310938452355 0.04726615884889634 0.3538054907668905 0.07146171841765467
0 0.42279472065965246 0.12797424683197772 0.38629175713231284 0.1149954153555903 0.3836386827819141 0.138578298470246 0.4201416463092537 0.15155712994663342
0 0.41149019550883337 0.09346378424824733 0.3984617139238599 0.08464026232826526 0.39101877770844773 0.11937396466685514 0.4040472592934212 0.12819748658683722
0 0.4480531317393911 0.1086504564765433 0.41374959743585676 0.08988613001990942 0.4101200352778666 0.1108569335994086 0.44442356958140095 0.1296212600560425
0 0.45262278255213634 0.1406881155612777 0.4515403800488801 0.11687526048963982 0.4166714797116675 0.12188448522944137 0.41775388221492377 0.1456973403010793
0 0.4286927090232312 0.16010963566919306 0.42118617837867645 0.142951851338782 0.3966406023956165 0.17689141319190194 0.4041471330401713 0.194049197522313
0 0.3244076789751497 0.30727320016379744 0.32403353488453496 0.2713553674647847 0.29531960893444986 0.2723006818993554 0.2956937530250646 0.3082185145983682
0 0.33853706783741166 0.3926755857353904 0.3311280998413385 0.3749447221550444 0.307828217526816 0.40571536038628686 0.31523718552288915 0.4234462239666329
0 0.3919131588510459 0.420209176612311 0.386372360496662 0.3941058599205469 0.37651324188385266 0.40071994368595365 0.3820540402382365 0.4268232603777177
0 0.3054737290519185 0.5897637411629074 0.2927103468336127 0.5458311536691646 0.2784806576249062 0.5588967535286851 0.291244039843212 0.6028293410224279
0 0.3355549569502465 0.5669325100763225 0.3288981522165187 0.543263871023068 0.3067088031040926 0.5629877369007801 0.3133656078378204 0.5866563759540345
0 0.3226500028458539 0.6083655727121364 0.3186635652284452 0.583561071981593 0.3135348949147241 0.586166110871102 0.31752133253213277 0.6109706116016455
0 0.32195192119002003 0.4942114741445843 0.3069982293968634 0.4809193036617784 0.30063085095590636 0.5035588714518477 0.315584542749063 0.5168510419346536
0 0.5912389765880841 0.025426635794528578 0.5869699387697151 0.002658434096561043 0.5675783771540731 0.014149729868793494 0.5718474149724421 0.03691793156676103
0 0.5447675036308899 0.06340991998311384 0.5234779734415014 0.05584030924910718 0.5207506872211607 0.0800828534299066 0.5420402174105492 0.08765246416391327
0 0.6531054726582458 0.047753531651168184 0.6439728265286812 0.021776227104850793 0.613230767865838 0.05593407006356542 0.6223634139954026 0.0819113746098828
0 0.5799412096487746 0.05378657043373394 0.5650885588422329 0.03720686720782718 0.549578767396817 0.08111936315205047 0.5644314182033586 0.09769906637795724
0 0.5746327383615398 0.10973594652973359 0.5668370055540228 0.08993726003445207 0.5583711246189493 0.10047257853143228 0.5661668574264662 0.1202712650267138
0 0.5947120921013334 0.06839036103250153 0.5855469261635922 0.052096732698739406 0.5622722284532757 0.09347397307263537 0.5714373943910169 0.10976760140639749
0 0.616100529974425 0.08804165371473512 0.6104866168165247 0.06721322228832266 0.5785955784997847 0.09437966233591598 0.5842094916576849 0.11520809376232845
0 0.6308201782801681 0.150231122060296 0.6203623217970994 0.10121652197803464 0.6059662218916093 0.11092423685683261 0.616424078374678 0.159938836939094
0 0.6387290074602219 0.1324929251350659 0.6302874072544079 0.10547980447646005 0.6210107484837596 0.11464193659561851 0.6294523486895736 0.14165505725422436
0 0.5148052132894507 0.22544719225964385 0.5111703359569918 0.208410999509533 0.4883256158039361 0.22381586827174674 0.49196049313639506 0.24085206102185758
0 0.5434595194231754 0.1745133350484521 0.5203054160015135 0.1745133350484521 0.5203054160015135 0.19466598061915785 0.5434595194231754 0.19466598061915785
0 0.513793324414171 0.20452791355801386 0.4976336897344695 0.20452791355801386 0.4976336897344695 0.2212503215847697 0.513793324414171 0.2212503215847697
0 0.5890441605345722 0.1826601492153331 0.584952271567813 0.16447397602973654 0.5576314275519513 0.18390213177434944 0.5617233165187105 0.202088304959946
0 0.6692723563514319 0.16839229033674444 0.6623735353198248 0.09552631133624015 0.6511061430712625 0.09889785225110148 0.6580049641028696 0.17176383125160577
0 0.6746661054792598 0.08532715890575432 0.6630890537684287 0.08532715890575432 0.6630890537684287 0.12992024697710322 0.6746661054792598 0.12992024697710322
0 0.7119172654022569 0.11174885929816192 0.7015253644592373 0.10383122048443195 0.6905221752254509 0.14947407952828234 0.7009140761684705 0.1573917183420123
0 0.7418278477760675 0.05973230953935883 0.7315309508217227 0.047528579815690856 0.7159835640690362 0.08898827782285451 0.7262804610233808 0.1011920075465225
0 0.7528706756834177 0.1154885797759311 0.7406856965996436 0.10736526038674762 0.730327803587812 0.15646934577616703 0.7425127826715862 0.1645926651653505
0 0.5851601927551485 0.19284736330059835 0.57139581015355 0.18305935789501707 0.5666219396923309 0.20427655994487962 0.5803863222939294 0.2140645653504609
0 0.6572447617679706 0.22489618822288415 0.6410962803172775 0.22047950953551504 0.6349452745190856 0.29155779875906684 0.6510937559697787 0.295974477446436
0 0.631435591230016 0.2699723695809808 0.622318256890394 0.2629486453489758 0.6088847976827453 0.3180602728675349 0.6180021320223673 0.32508399709953995
0 0.6359389661659206 0.25727282344229313 0.6136932810354369 0.215527834061633 0.6041334108711798 0.23162866802248722 0.6263790960016635 0.27337365740314734
0 0.7110173197348089 0.3230895437622264 0.7053016055253741 0.2875250997924061 0.6911579432937454 0.2947091821957723 0.6968736575031802 0.33027362616559264
0 0.5691512273097823 0.3893781188256633 0.5447676087468526 0.37377260294538833 0.5401310487309354 0.39666919561658387 0.5645146672938652 0.41227471149685885
0 0.5700712097784515 0.4532465671192929 0.5568603532528358 0.4425711275026341 0.546064686453424 0.484794179873669 0.5592755429790397 0.4954696194903277
0 0.5916045510648696 0.41982587425183543 0.5802886992106877 0.4044422325154311 0.5589292915782595 0.45409829128483714 0.5702451434324415 0.46948193302124136
0 0.5916470415864501 0.49440500443844937 0.5856805576726417 0.47436940413529016 0.5546962996816946 0.5035310587150046 0.560662783595503 0.5235666590181638
0 0.6979789389780825 0.514783559295543 0.678665900573775 0.45059336401939 0.6650412815800534 0.4635490740702674 0.6843543199843609 0.5277392693464203
0 0.5946106018584062 0.20375950638542112 0.5808079288203281 0.2013056978453183 0.5767913032061329 0.27271237543100835 0.5905939762442111 0.2751661839711112
0 0.6050501011496547 0.21085261977808456 0.5983079313993132 0.1890597478577886 0.5850957970492205 0.20197827922232361 0.5918379667995622 0.22377115114261958
0 0.5934748622677929 0.37828344186525514 0.5785329214406439 0.33084870908065533 0.5672299610119437 0.3421014341296726 0.5821719018390926 0.3895361669142724
0 0.5119025157282687 0.2957368734622845 0.5090365444383071 0.2593435872405524 0.5023752357515469 0.26100151295814616 0.5052412070415084 0.29739479917987827
0 0.6116767612266419 0.3542598873531224 0.6066350705240592 0.33509759931878463 0.5791853908183713 0.35792313943247483 0.5842270815209542 0.3770854274668126
0 0.6336235558237544 0.34293299081034373 0.6203405790661175 0.33191303972252645 0.6111780538792229 0.3668178975773635 0.6244610306368598 0.3778378486651808
0 0.7387257916125244 0.4121430409055826 0.6991467460761209 0.38868879169882503 0.6948053516845593 0.41184289512048694 0.7343843972209627 0.43529714432724453
0 0.568347573157383 0.598089728524511 0.5544629334366229 0.5939757611998412 0.5471751272357731 0.671712360675571 0.5610597669565333 0.6758263280002409
0 0.6633645385249389 0.6314963221607717 0.657836161736147 0.600919620909181 0.6189950417140189 0.6231145466361114 0.624523418502811 0.6536912478877019
0 0.6553519026305539 0.6409808938714181 0.6416089328899389 0.6325236817233474 0.6338924914713839 0.672153800613704 0.6476354612119989 0.6806110127617747
0 0.6784189761540628 0.6689246268201376 0.6702173851193107 0.5717205849267893 0.6547789573590441 0.5758374989961942 0.6629805483937962 0.6730415408895425
0 0.7629354920346769 0.058195914557321676 0.7573557172472578 0.02623276021951288 0.7334895581776185 0.03940029625793448 0.7390693329650377 0.07136345059574328
0 0.7703920141816237 0.12540156867401483 0.7580357378364091 0.11075709300561382 0.7475718641746973 0.1386607561035145 0.7599281405199121 0.15330523177191552
0 0.7762117373836389 0.2705627173598967 0.775649168867648 0.24255930678613494 0.7601037201319473 0.2435463194042749 0.7606662886479382 0.27154972997803667