1 0.48340699970388135 0.15838797981098388 0.34634594096042304 -0.026048602435602933 0.30024309219350603 0.08223176599849566 0.43730415093696434 0.26666834824508245
1 0.5158799431322156 0.7784863638533224 0.49077197222923674 0.6691897760804384 0.2502173155801076 0.8438418423159386 0.2753252864830865 0.9531384300888226
0 0.24774244486056743 0.1733682410448099 0.24549513482258262 0.15538976074093125 0.22381370047884255 0.16395526566685323 0.22606101051682737 0.1819337459707319
0 0.2644789458669386 0.12157720304484025 0.2505805250373256 0.11902117162789991 0.24967138597650446 0.13464489474719654 0.26356980680611747 0.13720092616413684
0 0.2831465270372627 0.05165146147909202 0.27246001776572637 0.023154103421661923 0.2434060706837371 0.05758841107439001 0.25409257995527335 0.0860857691318201
0 0.228708411313976 0.9200754861624747 0.20676025077885896 0.9200754861624747 0.20676025077885896 0.9410856911191678 0.228708411313976 0.9410856911191678
0 0.2284431038789361 0.88890320248183 0.21795140076599553 0.8826858969334207 0.2093650874137959 0.9284795681451521 0.21985679052673646 0.9346968736935614
0 0.48846109083294825 0.8785498220486966 0.4838599548965923 0.866280126218414 0.47350739903979144 0.8785498220486965 0.47810853497614747 0.8908195178789791
0 0.4347915117626746 0.8270886068210807 0.4242853373350955 0.8236926716525702 0.42301957968137804 0.8360689687111414 0.4335257541089571 0.8394649038796519
0 0.5778168998364526 0.8865561466862513 0.5725897297629854 0.8571291151615476 0.5651444753173392 0.8613089071310331 0.5703716453908064 0.890735938655737
0 0.9281034395984145 0.9009745643670372 0.9215412900044608 0.897641409017727 0.9168904461174838 0.9265799932033612 0.9234525957114375 0.929913148552671
0 0.9090258987975903 0.6981495940387893 0.9040650535622252 0.6753664529578531 0.8869596540811845 0.687137910665236 0.8919204993165496 0.7099210517461721
0 0.7839727863808678 0.29234200253432246 0.770225037474256 0.29234200253432246 0.770225037474256 0.33479119214070274 0.7839727863808678 0.33479119214070274
0 0.6641502893969813 0.14964411285481527 0.6479906547172797 0.14964411285481527 0.6479906547172797 0.16936797873252726 0.6641502893969813 0.16936797873252726
0 0.33048999093836495 0.2521224594803189 0.31867175065022496 0.23111225452362566 0.3108331218876832 0.24504759454592218 0.32265136217582313 0.2660577995026155
0 0.3063247098947617 0.6344337704778327 0.30147363398133975 0.6042492981276506 0.28962353859808354 0.6102683941953361 0.2944746145115055 0.6404528665455183
0 0.3301760729993126 0.6713789281980984 0.3218153839335244 0.6644116873099417 0.31579629029483675 0.6872396572581496 0.324156979360625 0.6942068981463064
0 0.47629446326179065 0.23433557767104796 0.4760426535361231 0.2195627404318857 0.4524278578044086 0.22083491797972216 0.45267966753007616 0.23560775521888447
0 0.3140604204659615 0.6020855963010108 0.30845474081379265 0.6015873136652625 0.3078773317509083 0.6221174136789278 0.3134830114030771 0.6226156963146762
0 0.7698020397363732 0.5050951524835934 0.7590809133425778 0.5029773991218559 0.7581014524127743 0.5186487739987126 0.7688225788065697 0.52076652736045
0 0.8438344343573527 0.5204751061604873 0.8349534083874001 0.505814364876756 0.8229871509997608 0.5287241226103558 0.8318681769697135 0.5433848638940871
0 0.8366510667715149 0.6166450868148675 0.807121393598723 0.5874799775084063 0.8010234182478922 0.6069934986310648 0.8305530914206841 0.6361586079375259
0 0.8955699281065277 0.6420913219498305 0.8900578206206123 0.5996276790953718 0.8802287085992678 0.6036601353092568 0.8857408160851832 0.6461237781637155