1 0.5450084874027745 0.20083060569097938 0.5142941109843858 0.044140867789363006 0.21025558541470124 0.23249914627826124 0.24096996183308994 0.3891888841798776
1 0.5319139956497541 0.8133324359576402 0.37083527714319386 0.4451524755156331 0.3028423580166735 0.5391673677560033 0.4639210765232337 0.9073473281980102
0 0.20287581829966791 0.38623987802637955 0.20047686692977768 0.3506998577317092 0.19171761299832774 0.3525684985704185 0.19411656436821798 0.3881085188650888
0 0.26425960466512294 0.6658091072806785 0.25748220564274055 0.6296629791613064 0.23338746676957361 0.6439413429379982 0.240164865791956 0.6800874710573703
0 0.2344319823939809 0.6420549195956876 0.22819839461911534 0.6344122066150096 0.21667731576103622 0.6641109876713915 0.22291090353590176 0.6717537006520696
0 0.8495760794089099 0.8368922257216895 0.8336576333065173 0.8368922257216895 0.8336576333065173 0.8857731107229757 0.8495760794089099 0.8857731107229757
0 0.9266500899136993 0.7128409399146728 0.9263074965038868 0.690305906735888 0.9130452936529088 0.6909431296956947 0.9133878870627213 0.7134781628744796
0 0.7534170344250678 0.48435310088359845 0.7341280754328448 0.46014734842276944 0.7295026021165082 0.47179668862687635 0.7487915611087312 0.49600244108770536
0 0.9200529266788041 0.29274484181884347 0.8984506700463756 0.28074358813416084 0.89432213959493 0.3042303391468286 0.9159243962273586 0.31623159283151125
0 0.8572941138827972 0.2889117649903726 0.8336576333065173 0.2889117649903726 0.8336576333065173 0.3039190542451535 0.8572941138827972 0.3039190542451535
0 0.878418721888063 0.2782954277181542 0.8588213094949264 0.2775036130760074 0.858338309757507 0.31528492586970885 0.8779357221506436 0.31607674051185564
0 0.6571298111701833 0.10104688211197094 0.6424061761738445 0.09777496322389566 0.6392336187338572 0.14289578014815996 0.653957253730196 0.14616769903623525
0 0.2709867890164916 0.22527663450226548 0.2630591972541226 0.2083644387425453 0.24218254662803415 0.2392928100404547 0.25011013839040314 0.2562050058001748
0 0.707901873767258 0.6639224870997606 0.6956012563245001 0.6639224870997606 0.6956012563245001 0.678500996661548 0.707901873767258 0.678500996661548
0 0.3250662351274616 0.7682564010180849 0.3200758082106345 0.7375460815299187 0.30852975703708757 0.743475905342506 0.3135201839539146 0.7741862248306721
0 0.27316191098602693 0.5135306647784812 0.26175287828410787 0.4810783050930226 0.23415440107832539 0.5117432797661142 0.24556343378024445 0.5441956394515729
0 0.7906235502409135 0.7474306045922764 0.7802742391504804 0.7163430187880637 0.7718206613502964 0.7252374861333821 0.7821699724407294 0.7563250719375948
0 0.8238540270170758 0.8082547552919208 0.8212860780469037 0.7899937848373642 0.8076092669571476 0.7960723675439226 0.8101772159273197 0.8143333379984794
0 0.829733260527287 0.5852675080708813 0.8225035520951793 0.5736196444858188 0.8099772649111859 0.5981922844789397 0.8172069733432936 0.6098401480640023
0 0.9907752584222221 0.36101271166874455 0.9726081926606105 0.3044929515215082 0.9590756581768283 0.3182402881399537 0.9772427239384398 0.37476004828719006
0 0.9955124645371836 0.3265390656914623 0.9802965423865211 0.3125474131391291 0.97554856650019 0.32886638211140773 0.9907644886508524 0.342858034663741
0 0.9264187248091924 2.0056626727024264e-16 0.9131533530571987 1.9912223215419117e-16 0.9131533530571987 0.01672240802675604 0.9264187248091924 0.016722408026756043
0 0.8171234491092683 0.060892873494326594 0.8081322825127679 0.04435739469616489 0.7995085094297788 0.059177508438783256 0.8084996760262793 0.07571298723694496
0 0.6928806845028125 0.2873853014321243 0.6818438952051538 0.2726695823685792 0.6774156729257609 0.2831661092530659 0.6884524622234196 0.297881828316611