1 0.44229344017384575 0.15399817573730698 0.3218921023812035 0.046974764366068705 0.19297373761482603 0.5053511724242967 0.31337507540746823 0.612374583795535
1 0.5382798295102766 0.35404025495668806 0.5032141944240143 0.21702840616327837 0.17784166557869507 0.4802123626991781 0.2129073006649574 0.6172242114925878
0 0.6752967430343783 0.7473337537772315 0.6694435080484653 0.7390091529083774 0.66026657681427 0.7594023334288115 0.666119811800183 0.7677269342976656
0 0.9750767921205621 0.9449060738490621 0.9745559387970381 0.9208310757839543 0.9652375807053193 0.9214682284739865 0.9657584340288433 0.9455432265390944
0 0.9873044045954289 0.9446359869771571 0.9758431234017064 0.9293542787188593 0.9719358684493009 0.9386159200875236 0.9833971496430234 0.9538976283458214
0 0.7608360657726794 0.6510940744902295 0.7574629152588109 0.6214853088684958 0.7324849183491133 0.6304787929878806 0.7358580688629817 0.6600875586096142
0 0.8031713618043045 0.5438641730615137 0.7923178758254004 0.5438641730615137 0.7923178758254004 0.5717348531061067 0.8031713618043045 0.5717348531061067
0 0.4373814573426615 0.8692634422359906 0.43526721751504704 0.8408051029690543 0.4240273065902026 0.8434442434797096 0.426141546417817 0.8719025827466459
0 0.6054642612125886 0.25819397862457866 0.5938100291570187 0.24265500255048553 0.5852140682617267 0.263030613561548 0.5968683003172965 0.2785695896356411
0 0.7059965745087975 0.2673888655112085 0.6904528078473275 0.2441768406300801 0.683092936148187 0.25975328867058917 0.698636702809657 0.28296531355171756
0 0.7280141753789381 0.21128245467584378 0.7088950149800224 0.17162789977438633 0.6993212472171928 0.18621649827012565 0.7184404076161084 0.2258710531715831
0 0.3070204228723335 0.0671908164588494 0.27661313631782614 0.03836020402198313 0.2651362321131442 0.07661655137092281 0.29554351866765155 0.10544716380778908
0 0.32909528593676496 0.06019026266497418 0.32185707777810296 0.035833117750111665 0.30061375444358274 0.05578491828232357 0.30785196260224473 0.08014206319718609
0 0.36824729442128795 0.1438551999143015 0.35924950477120476 0.08473928723742609 0.34461535518267733 0.09177898272576344 0.3536131448327605 0.15089489540263887
0 0.34042696032349484 0.19835348597890387 0.33741210310713254 0.18227424749163867 0.33147886410533167 0.1857902409741874 0.33449372132169397 0.2018694794614526
0 0.3507923941224324 0.17781746091799205 0.33321542186195646 0.17541377240373893 0.33263940678908915 0.18872612075445047 0.3502163790495651 0.1911298092687036
0 0.3437553626903587 0.15821970671469 0.3304899909383649 0.15821970671468996 0.3304899909383649 0.18008747105737066 0.3437553626903587 0.18008747105737066
0 0.415607295167452 0.2646692129583818 0.4148132281590809 0.25337581550599286 0.4055515867904161 0.2554339580323628 0.4063456537987872 0.2667273554847518
0 0.4203244220826626 0.2942655969501322 0.40396601474786836 0.29255491383015375 0.403548509003699 0.30517286520949366 0.4199069163384932 0.3068835483294721