1 0.630091544938704 0.26567843455086265 0.2142283923760879 0.029190347793377838 0.09950447376335901 0.6667929677424391 0.5153676263259751 0.9032810544999239
0 0.04371416212971392 0.23717311342729397 0.04216925151289698 0.22069406684791293 0.02409966404531621 0.22604801869015897 0.02564457466213315 0.24252706526954004
0 0.10482160150261134 0.2204189073020135 0.09230038475133912 0.21794558053633006 0.09060912338606272 0.24500576238075208 0.10313034013733495 0.24747908914643554
0 0.7959104521332879 0.7800066855642291 0.7861407468220092 0.7711586505653352 0.7741509885970378 0.8129994529306672 0.7839206939083165 0.8218474879295612
0 0.8987938286257574 0.9165074476965008 0.8913552402276489 0.9129470976939873 0.8880438042296714 0.9348130877758692 0.89548239262778 0.938373437778383
0 0.8981996965944006 0.7201783828205369 0.887732112339189 0.6829603054686825 0.8762515360592823 0.6931652621619353 0.8867191203144937 0.7303833395137898
0 0.9380459381550295 0.697827839123692 0.9233277691716234 0.6899287798789289 0.9172465119923614 0.7257406277123603 0.9319646809757675 0.7336396869571233
0 0.9312483871309591 0.25226919032975964 0.9199689872192928 0.22492519054390167 0.9125869437692867 0.23454918793057614 0.9238663436809531 0.2618931877164341
0 0.8024187000684592 0.2201663161995485 0.7797269238952331 0.21411517588668816 0.7785080075399821 0.22856159194892228 0.8011997837132081 0.23461273226178259
0 0.774774353053153 0.20652395695643289 0.773244053114365 0.19972262389515294 0.761184624248916 0.20829821775502774 0.762714924187704 0.21509955081630772
0 0.81857852345316 0.08946059514621416 0.8119217187194322 0.07368150244404435 0.8056701107955835 0.08201697967584248 0.8123269155293112 0.0977960723780123
0 1.000948054555405 0.10950040534510148 0.9999568283291473 0.09364078572497937 0.9848122795005224 0.09663230154297936 0.98580350572678 0.11249192116310147
0 0.592711718797776 0.03624735549019266 0.5820820160349317 0.027848577998562538 0.5743043060367616 0.05895941799124222 0.5849340087996059 0.06735819548287234
0 0.5533458630871272 0.10029199472558545 0.5506665206738538 0.052659240711825456 0.5414010584960435 0.05430643398788028 0.5440804009093169 0.10193918800164027
0 0.34669786627772475 0.08832861675671042 0.3334324945257309 0.08832861675671042 0.3334324945257309 0.13763828145099044 0.34669786627772475 0.13763828145099047
0 0.2186893596647992 0.1710827151910057 0.210865180730163 0.15758217114692755 0.19291527146147397 0.19046011943705154 0.20073945039611016 0.20396066348112968
0 0.2135666983538323 0.18764149607552605 0.19379918093520987 0.16444760897100905 0.19004688073943832 0.1745548148855452 0.20981439815806074 0.1977487019900622
0 0.3124490882998499 0.9702427102427423 0.29460113357898554 0.9702427102427423 0.29460113357898554 1 0.3124490882998499 1
0 0.25983902836875994 0.8954654849593326 0.2034187784414782 0.8443111250252641 0.19452691872510003 0.8753067144505475 0.25094716865238176 0.9264610743846163
0 0.37543619464225847 0.6650322803028226 0.3616558143398934 0.6494423551122679 0.3172728598460294 0.7734328311586158 0.33105324014839443 0.7890227563491704
0 0.4695671498911555 0.5914564117240028 0.45186260459463695 0.5689744494427093 0.44241061980820395 0.5924993893556092 0.4601151651047225 0.6149813516369026
0 0.3063792805799339 0.9404176946219367 0.2908966150726766 0.9230199824376812 0.2669731622686415 0.9903071730772228 0.2824558277758988 1.0077048852614783
0 0.32171445127267484 0.2993241084078286 0.3023048541907179 0.2799145113258715 0.2969715091518262 0.2967705153994058 0.3163811062337831 0.3161801124813628
0 0.30465996243847926 0.2972116636253377 0.29294193289145276 0.2772128931984123 0.28686422173102066 0.2884679138658791 0.2985822512780472 0.3084666842928045
0 0.33167828735232696 0.30029220552490377 0.3241673220960318 0.2713610800932483 0.3158316095583044 0.278200639098563 0.32334257481459955 0.3071317645302185
0 0.3583014492224398 0.30789592484279116 0.33676285789874977 0.28593500819902884 0.330163867774359 0.3063899975304737 0.35170245909804904 0.328350914174236