1 0.6441770715273583 0.6158047827063862 0.23501799726132572 0.42722117646031366 0.1614108294179164 0.9319560416722636 0.5705699036839489 1.120539647918336
0 0.052130581968455894 0.4736711090809119 0.051518287774688955 0.45190064885808773 0.03257205289879664 0.4535847586248338 0.03318434709256357 0.47535521884765797
0 0.11916055655604144 0.47080010290712615 0.10541280764942976 0.4463596604064828 0.09636823600034296 0.46243889889374795 0.11011598490695464 0.4868793413943913
0 0.2347078905331495 0.4387002436627005 0.20276127764114799 0.4089180354381788 0.1952221722879518 0.43447696624798077 0.22716878517995331 0.46425917447250253
0 0.24086997759359052 0.35766879347498 0.2216056193486148 0.3521151046115636 0.21952916594567576 0.3748791863623031 0.23879352419065147 0.38043287522571956
0 0.18980703730559811 0.9031483147743783 0.17603548541029962 0.8934690845017137 0.17205226395276793 0.9113805639970196 0.18582381584806643 0.9210597942696843
0 0.8284761438703963 0.3174569299452928 0.8218421030023919 0.3100857734252881 0.8184139732237868 0.3198368981288762 0.8250480140917912 0.3272080546488809
0 0.9198470807860488 0.18548505072211618 0.9047373257958107 0.14071540630659277 0.8914364851353889 0.15490296967770828 0.9065462401256271 0.1996726140932317
0 0.5226203310276093 0.17394722005036742 0.4965436589283354 0.1669934408238944 0.4950169175428759 0.18508815354045172 0.5210935896421497 0.19204193276692474
0 0.364351825857164 0.3153411504546799 0.351604887026788 0.29321947883370986 0.33550161136152296 0.3225457694761437 0.348248550191899 0.3446674410971138
0 0.39367027524541554 0.39406174155082385 0.38742534638986165 0.35335405715906426 0.37375180935319113 0.35998365087381345 0.379996738208745 0.4006913352655731
0 0.20019250028906058 0.8706998553615802 0.18950599101752422 0.8580343628916114 0.1830866642676085 0.8751525675580538 0.19377317353914486 0.8878180600280225
0 0.2079888937667977 0.825133573199708 0.18957627402376287 0.8178594518197436 0.1851611043026714 0.853180809588475 0.20357372404570623 0.8604549309684394
0 0.5469078642176741 0.7519011373861199 0.5296368064992921 0.729969635521507 0.523346347658666 0.745625888635954 0.5406174053770479 0.7675573905005668
0 0.45807876305579714 0.9500900646720365 0.44891359711805595 0.9500900646720365 0.44891359711805595 0.9668124726987924 0.45807876305579714 0.9668124726987924
0 0.7293233305984138 0.6984380935217215 0.72056231849292 0.6770222861527369 0.7112980696801763 0.689000304819719 0.72005908178567 0.7104161121887036
0 0.7440708838798621 0.7351823737699895 0.7296311594292038 0.725445241573377 0.7269642957110795 0.7379444816260001 0.7414040201617378 0.7476816138226126
0 0.6672913429265027 0.5770198789466927 0.661775366629628 0.5547331060300277 0.6550182067559582 0.5600187066423208 0.660534183052833 0.5823054795589857
0 0.8951698347977974 0.6943542566619652 0.8722504013432468 0.6875633134161723 0.86991022028233 0.7125252447326185 0.8928296537368806 0.7193161879784113