1 0.4419974487116235 0.07640794938863836 0.3612834391216292 0.03703842044301734 0.29003528140670926 0.4986931499642526 0.37074929099670356 0.5380626789098737
0 0.22764218717644363 0.16906800593464505 0.20954426983948377 0.16055133895254625 0.20634701010568213 0.18202429321412764 0.224444927442642 0.1905409601962264
0 0.047754709094714694 0.12996303342458967 0.04590782751286634 0.10172626612877461 0.03534302135194739 0.10391020538684571 0.037189902933795746 0.13214697268266073
0 0.2508890988000148 0.6298529526501894 0.2465922353154504 0.6116651707049432 0.23144516621345498 0.6229749823010997 0.23574202969801938 0.6411627642463459
0 0.2396583712517054 0.6395677796012076 0.2271165652316385 0.6395677796012076 0.2271165652316385 0.660577984557901 0.2396583712517054 0.660577984557901
0 0.10111704352925094 0.8917180832231322 0.08042697476225907 0.8855876924773568 0.07635936199899403 0.9289755619521828 0.09704943076598589 0.9351059526979584
0 0.3685978008741661 0.9848212198045295 0.358950257781807 0.9848212198045295 0.358950257781807 1 0.3685978008741661 1
0 0.711379338582721 0.9100413384288909 0.710495639451105 0.8927601109661837 0.6736570497004862 0.8987138224410328 0.6745407488321021 0.9159950499037399
0 0.7298444110512062 0.8939364414923239 0.7271562525032973 0.8745020508052188 0.7039167612350816 0.8846613912503405 0.7066049197829906 0.9040957819374454
0 0.7151375310865273 0.9273647409433686 0.7092284109424574 0.916859638465022 0.6984955192522078 0.9359403348032436 0.7044046393962777 0.9464454372815901
0 0.7330098434656942 0.9657018908405038 0.7188193582993487 0.9257583029648649 0.7093093643362272 0.9364361909234576 0.7234998495025726 0.9763797787990964
0 0.7375680687762624 0.9680988117777736 0.7211672455192517 0.9680988117777736 0.7211672455192517 1 0.7375680687762624 1
0 0.8692942977688535 0.8388611590501882 0.867399753400515 0.8161266266301268 0.8438862951858154 0.822319471592023 0.8457808395541538 0.8450540040120845
0 0.7890841289230696 0.3690770629682302 0.7867000726012077 0.34788545121834735 0.7729708766620811 0.35276694310781465 0.775354932983943 0.3739585548576974
0 0.8690010363660254 0.3970961667527057 0.8638804173400809 0.38344118268352034 0.8525816601415296 0.39683230232624805 0.8577022791674742 0.4104872863954334
0 0.8676399453016012 0.39987394477053506 0.8626476577188738 0.39869058771388854 0.8613985325979634 0.4153455893260253 0.8663908201806908 0.41652894638267174
0 0.8756244457582796 0.4008232517764208 0.8695947313255551 0.4008232517764208 0.8695947313255551 0.42054711765413283 0.8756244457582796 0.42054711765413283
0 0.8750508080608962 0.3942756699780027 0.874216425955611 0.38537559418829476 0.8660420887678959 0.3877976200216919 0.8668764708731811 0.3966976958113998
2 0.768119186333888 0.18171904271299777 0.7606608123686468 0.16227498948221245 0.6458020433078379 0.3015189790275815 0.653260417273079 0.3209630322583668
0 0.29539496170946955 0.5600318781298649 0.27765156851055983 0.5551789842634964 0.2761598241306719 0.572416919319979 0.29390321732958163 0.5772698131863474
0 0.08184691885187434 0.516836400676844 0.0758701482531933 0.5035546882353307 0.05695743420323314 0.5304527704397183 0.06293420480191418 0.5437344828812318
0 0.15326382644992304 0.8017462593892941 0.12187927471920025 0.7889599605360366 0.1184822454994113 0.8153126720592476 0.1498667972301341 0.8280989709125052
0 0.2867932742079727 0.8718244742129438 0.2828843558860687 0.8544515038933701 0.26978532108394304 0.8637663730859925 0.2736942394058471 0.8811393434055662
0 0.2923821957235464 0.8589315124098218 0.2829758412084963 0.8589315124098218 0.2829758412084963 0.8735100219716089 0.2923821957235464 0.8735100219716089
0 0.3388160093320701 0.7244970225035474 0.3375917856487122 0.7099877047748594 0.32498393287886873 0.7133497988468175 0.32620815656222674 0.7278591165755055
0 0.4715553827341235 0.5192906557668485 0.4704276182140167 0.48520710582584275 0.45306536738676767 0.4870227660430715 0.4541931319068745 0.5211063159840772