1 0.4318074423330433 0.32905337929907624 0.3495684707559812 0.29204005965170043 0.2778227684167365 0.7958543371312019 0.3600617399937986 0.8328676567785777
0 0.1302989288074375 0.03749451414216319 0.10120761386623077 0.015718559098452854 0.09632709206656673 0.03632520669703433 0.12541840700777346 0.05810116174074467
0 0.20622963296458266 0.08575593859874796 0.18476384958408357 0.08575593859874796 0.18476384958408357 0.11577051710830973 0.20622963296458266 0.11577051710830973
0 0.15826148120683822 0.19701165776318239 0.14751440195321755 0.18554810655932027 0.13617144503800996 0.2191568677895649 0.14691852429163063 0.23062041899342697
0 0.0706993004616179 0.26869845492897926 0.060047001052078934 0.2276673757218662 0.05272075095011303 0.2336786578568126 0.063373050359652 0.2747097370639257
0 0.22521414755660168 0.8916761736196703 0.21868553620369002 0.8873237660510627 0.21363048793954312 0.9112884393033155 0.22015909929245478 0.915640846871923
0 0.22278807472741705 0.9138698618879203 0.2077460913898099 0.9040990009164833 0.20238603920599227 0.9301783191441808 0.21742802254359941 0.939949180115618
0 0.323061385701445 0.9912529151994356 0.31196671114523195 0.9912529151994356 0.31196671114523195 0.9993997293663166 0.323061385701445 0.9993997293663166
0 0.8925076461699081 0.8313180897127709 0.8794834629952233 0.8313180897127709 0.8794834629952233 0.8729097199331636 0.8925076461699081 0.8729097199331636
0 0.7977711715633787 0.6242222358939549 0.770693423026323 0.6216886453875636 0.7697486567207315 0.6536007517097661 0.7968264052577871 0.6561343422161573
0 0.6423637668411912 0.1494818718898982 0.6297469968038525 0.13346057660438948 0.6185838768405656 0.1612443418463491 0.6312006468779042 0.17726563713185783
0 0.6732847265751267 0.19744382644075673 0.6554928432441538 0.14936620392861666 0.6480065549721467 0.15812209664441448 0.6657984383031196 0.20619971915655455
0 0.5921313566589482 0.20967326987393878 0.5793483620615724 0.20967326987393878 0.5793483620615724 0.27270388474401847 0.5921313566589482 0.27270388474401847
0 0.6139785121557536 0.34940662490310803 0.6001085419463392 0.3347452750120754 0.5872855878814868 0.37308461241809837 0.6011555580909012 0.38774596230913105
0 0.5735598362061578 0.4021953520281305 0.5627063502272558 0.38290026584341147 0.5414817554240625 0.4206328788268576 0.5523352414029645 0.4399279650115766
0 0.5759634051317533 0.38358039914953745 0.5713101289591886 0.3642779202114917 0.5502934553433338 0.3802906239188096 0.5549467315158985 0.39959310285685534
0 0.4849791058695922 0.59175653657259 0.47532830347213423 0.5795015494012148 0.472639376765649 0.5861939892040224 0.48229017916310696 0.5984489763753976
2 0.773041906613131 0.49800692417116577 0.7687005122215693 0.47999817706542863 0.6466175078657591 0.5730137994317605 0.6509589022573208 0.5910225465374975