1 0.5379768426308152 0.7578338012491733 0.3522113786227459 0.20094760950060855 0.25290440134520253 0.305644368202157 0.4386698653532719 0.8625305599507218
0 0.3717820682589369 0.06083412180659412 0.34918956817737073 0.02317995500398383 0.3401562787382413 0.040309748310777396 0.3627487788198075 0.07796391511338768
0 0.14544175115139252 0.11273900846874832 0.11139032971673962 0.09949678902193888 0.1078767988202656 0.12805119884725172 0.1419282202549185 0.14129341829406114
0 0.16129760558707573 0.12287256221520744 0.1355505435236021 0.09194516033716102 0.12840499928863325 0.11074588116872353 0.15415206135210688 0.14167328304676996
0 0.2640845890244368 0.18152711568966529 0.26377090171956735 0.15559563182045844 0.23054373979803458 0.15686596537062458 0.23085742710290402 0.18279744923983143
0 0.13184707719459193 0.28839722412465274 0.11858170544259815 0.28839722412465274 0.11858170544259815 0.3089786493883523 0.13184707719459193 0.3089786493883523
0 0.14151832089859417 0.44955891788757135 0.13829615303803636 0.4317375450291774 0.11150944292830342 0.4470442365204532 0.11473161078886122 0.4648656093788472
0 0.37712542318101583 0.9643000554706561 0.3668208041807447 0.9586633408038411 0.36162156068718676 0.9887034143221756 0.3719261796874578 0.9943401289889905
0 0.741620909955876 0.9232810509080147 0.7328481938480005 0.9188946928540767 0.7292257815140458 0.9417919164958634 0.7379984976219214 0.9461782745498013
0 0.9203294579406671 0.727987217700002 0.9164278780136108 0.7002426493298186 0.9087098435397232 0.703672886873768 0.9126114234667796 0.7314174552439514
0 0.8044887699108195 0.33345126217396104 0.8025416227000485 0.2901813241568265 0.7920159844693148 0.2916783038163086 0.7939631316800858 0.3349482418334432
0 0.5695005869427681 0.22232470048918362 0.5558666062330001 0.21539950393819032 0.5456547728842953 0.2789398003301305 0.5592887535940633 0.28586499688112377
0 0.3058396023034195 0.9709772988488522 0.3024456694551736 0.9387977873988168 0.289193949886801 0.943215027254941 0.292587882735047 0.9753945387049764
0 0.36892802014183235 0.7692505485944989 0.36077955682228596 0.743899773822577 0.3518444476813626 0.7529767100927214 0.359992911000909 0.7783274848646433
0 0.6349240438435925 0.4714817304663009 0.6234958637028936 0.45429062187858293 0.5964253567965834 0.5111660303282043 0.6078535369372824 0.5283571389159223