1 0.46049241295170773 0.41496429953686864 0.38155530276459887 0.3915755261480943 0.3349175798432859 0.8890445706420722 0.41385469003039477 0.9124333440308465
0 0.1476208086785009 2.8095964045841676e-17 0.10975420204099126 2.3973900169112955e-17 0.10975420204099126 0.01500728925478091 0.1476208086785009 0.015007289254780913
0 0.17967154260100685 0.12371676380652491 0.17082102641240954 0.10650742677314125 0.1546397287302107 0.13280845665658828 0.163490244918808 0.15001779368997192
0 0.1791163262815564 0.14463728536278056 0.16605503717190095 0.14173477667174597 0.16310882593523432 0.1836364475932265 0.17617011504488977 0.1865389562842611
0 0.14960567205242065 0.27402256064642 0.14887845655639823 0.2619561701939001 0.1359850565951344 0.2644120559008075 0.13671227209115683 0.2764784463533274
0 0.2249855917411986 0.3265333944662136 0.20210814580527336 0.25874836947087976 0.18206821254357147 0.2801242982833619 0.2049456584794967 0.3479093232786956
0 0.04623638193395961 0.31346002942901396 0.02378954946634744 0.28034697160445127 0.013102115033429867 0.30324426702768204 0.03554894750104204 0.33635732485224473
0 0.047023650498373926 0.2519878912398889 0.007182266001728284 0.22698937547728784 0.0002805620971944728 0.261753513663088 0.040121946593840115 0.2867520294256891
0 0.026651699937653137 0.41925036973534385 0.0004188207051919676 0.4118867545121968 -0.001626719174796093 0.43491801834613614 0.024606160057665076 0.44228163356928324
0 0.033297423034045114 0.3822999899755995 0.016896599777034574 0.3822999899755995 0.016896599777034574 0.4007375167743303 0.033297423034045114 0.4007375167743303
0 0.06553522537474335 0.7360182486420432 0.04871800711207036 0.7319581246170358 0.04420833658351166 0.7909938115363496 0.06102555484618465 0.7950539355613571
0 0.01617303404510766 0.7283251760509117 5.040798328224534e-17 0.7283251760509117 5.170761488669166e-17 0.7660577890343608 0.016173034045107663 0.7660577890343608
0 0.5839025699037008 0.8842597706300565 0.5639832309306534 0.8754067310864797 0.5497247297426814 0.9768005173120583 0.5696440687157288 0.985653556855635
0 0.6119101842453066 0.7976197124768815 0.5765940245454177 0.7748517853443523 0.5651359712116304 0.8310232521928178 0.6004521309115193 0.853791179325347
0 0.6888479761598486 0.8810565341000447 0.673894284366692 0.8810565341000447 0.673894284366692 0.8952062639688378 0.6888479761598486 0.8952062639688378
0 0.6279720028006345 0.7897264594923781 0.6168773282444214 0.7897264594923781 0.6168773282444214 0.8210273770809211 0.6279720028006345 0.8210273770809211
0 0.6396455299423889 0.8163965563965886 0.6292261834026411 0.8071349150279239 0.6269590107759367 0.8151959732562063 0.6373783573156845 0.824457614624871
0 0.7868670493085755 0.7001972386587769 0.7762547519069805 0.7001972386587769 0.7762547519069805 0.7143469685275703 0.7868670493085755 0.7143469685275703
0 0.8886486289329645 0.7773775833976501 0.8770715772221335 0.7773775833976501 0.8770715772221335 0.7936712117314121 0.8886486289329645 0.7936712117314121
0 0.765039483062113 0.5039447679414152 0.7508093570008831 0.4786467660547845 0.7417647853517966 0.4947260045420497 0.7559949114130263 0.5200240064286804
0 0.9499372106525369 0.5352437510590011 0.9336293050820378 0.5311848945614547 0.9303308218317471 0.5730703961524477 0.9466387274022462 0.577129252649994
0 0.9229265751814554 0.5315037082719635 0.9041627780391094 0.5286767708493878 0.9031422325330116 0.5500855476884161 0.9219060296753576 0.5529124851109918
0 0.8447487319957748 0.3643034302656132 0.8332213045610619 0.34707050844402204 0.8245889427996997 0.3653203062818565 0.8361163702344127 0.3825532281034476
0 0.9660701622491465 0.29234200253432246 0.949428150414827 0.29234200253432246 0.949428150414827 0.34593946415853993 0.9660701622491465 0.34593946415853993
0 0.8656745447580115 0.1418901055426536 0.8588956804626908 0.1253988333388326 0.8367147043384837 0.15421514420105037 0.8434935686338044 0.1707064164048714
0 0.8608028411322934 0.15877568145755167 0.851984080265318 0.1502835413634273 0.8460246180759172 0.1698428018824868 0.8548433789428926 0.17833494197661112
0 0.9536377787884396 0.17962283447467767 0.9182737602883457 0.12599896328499277 0.9047436487459356 0.15419965554197013 0.9401076672460295 0.20782352673165505
0 0.8936994014930819 0.0822248117152688 0.8688711655936281 0.05574136008918629 0.8581240863400078 0.08758455787769265 0.8829523222394616 0.11406800950377516
0 0.5987443967456038 0.20303585936620897 0.5919827516591959 0.12490129392327463 0.5769760820282489 0.1290056821984055 0.5837377271146568 0.20714024764133984
0 0.5841488582115566 0.1555435300101426 0.5783270649661671 0.12966889336396883 0.5706755652722272 0.13510995981299312 0.5764973585176165 0.16098459645916685
0 0.6128991236983745 0.08205834430504882 0.6042083898797632 0.06304272159082301 0.5802552428890402 0.09764171168853458 0.5889459767076515 0.11665733440276041
0 0.7371884593580179 0.048543279302003355 0.7029883428488791 0.040592482985348885 0.7001383074152477 0.07933806273667798 0.7343384239243865 0.08728885905333245
0 0.7681818731580575 0.0427343060001753 0.731073642974973 0.0173611571570405 0.7258831156024731 0.04135292812326238 0.7629913457855576 0.06672607696639717
0 0.23353218286015553 0.10805248263442241 0.22086978255143414 0.08554154875225109 0.21496066240736417 0.09604665123059772 0.22762306271608554 0.11855758511276905
0 0.2350931553324992 0.03340365320298432 0.2078407756052031 0.024594803190120956 0.20600388340041792 0.04255552697024272 0.23325626312771403 0.05136437698310609
0 0.24042275498419813 0.028622693659997367 0.22166941545005076 0.009571682069752674 0.21714249138363612 0.023655445831931774 0.2358958309177835 0.042706457422176464
0 0.301612472725418 0.49828706254320987 0.27684026532074785 0.4776728379416876 0.26920516460942573 0.5066707961988302 0.2939773720140959 0.5272850208003524
0 0.2832475617502159 0.4012403877754659 0.2776133687012057 0.38173487733678707 0.26047726882180927 0.3973786441936535 0.2661114618708195 0.4168841546323323
0 0.3494474219474401 0.43160965466987966 0.3359408616181373 0.43160965466987966 0.3359408616181373 0.4440442657666981 0.3494474219474401 0.4440442657666981
0 0.7308376090642762 0.6865241536788671 0.6903627820695378 0.6185664194654793 0.6803831620452885 0.6373515865699488 0.7208579890400268 0.7053093207833366