1 0.5710798848943703 0.4769987489478237 0.5506537290382655 0.2449508474604704 0.175883883624202 0.34921345499199985 0.19631003948030679 0.5812613564793532
0 0.06386131238027204 0.19579713458776238 0.009178565303147248 0.18094503044335808 0.007352169916218638 0.20219763130943647 0.062034916993343424 0.21704973545384074
0 0.16546876339936534 0.4450733213275016 0.14786199725580992 0.4450733213275016 0.14786199725580992 0.4999571220307003 0.16546876339936534 0.4999571220307003
0 0.11296150880345109 0.5116747897147532 0.09361573402627298 0.4873977390139807 0.0551013160367764 0.5843970139504905 0.07444709081395451 0.6086740646512632
0 0.10434874039659588 0.7981103426706412 0.10058903610325014 0.7713746676957375 0.09088474275740649 0.7756876869605568 0.09464444705075223 0.8024233619354605
0 0.07899096989167334 0.6726508407398728 0.07395185942931295 0.6360027646499792 0.016649904098006957 0.6609043551149418 0.021689014560367342 0.6975524312048355
0 0.2333633479118427 0.775019295086184 0.22383639910813796 0.7580824972129315 0.21768609038675904 0.7690163793842721 0.2272130391904638 0.7859531772575247
0 0.611329990966315 0.9342252160312682 0.5932408476681416 0.9342252160312682 0.5932408476681416 1 0.611329990966315 1
0 0.6424433174391732 0.970671489935736 0.6241129855636908 0.970671489935736 0.6241129855636908 1 0.6424433174391732 1
0 0.6499975257096053 0.8110036404843313 0.6430531149742562 0.7677939736866037 0.6189706630663484 0.7800263302112556 0.6259150738016975 0.823235997008983
0 0.8187039415133609 0.8025898502821904 0.7975366162861167 0.7874251993731199 0.7923548983346705 0.8102844653976065 0.8135222235619147 0.8254491163066769
0 0.8337285711233733 0.7996640594358788 0.8296993031259755 0.7710114870099455 0.8048994423532644 0.7820336473533751 0.8089287103506622 0.8106862197793084
0 0.9374964096197176 0.9136942354373342 0.9333678286787235 0.8843354376347027 0.8992041760810747 0.8995192832336542 0.9033327570220688 0.9288780810362857
0 0.8531939080685446 0.6186433619878761 0.8461994393265843 0.6186433619878761 0.8461994393265843 0.640082346637563 0.8531939080685446 0.640082346637563
0 0.9663865734778863 0.7175076357963974 0.9334391949790364 0.713382768378701 0.9328131330383311 0.7291873542596171 0.9657605115371809 0.7333122216773135
0 0.9314638576743194 0.7165463770657876 0.9117142019591906 0.6733334551591807 0.893472400479144 0.6996827239636925 0.9132220561942728 0.7428956458702993
0 1.003235828553886 0.6246615596103644 0.992070274347754 0.6226124638537922 0.987192486493293 0.7066156743888934 0.998358040699425 0.7086647701454656
0 0.9087439749786488 0.5783382266512953 0.8603879299697469 0.5382857449267504 0.8543822960093034 0.5612015514750011 0.9027383410182053 0.601254033199546
0 1 0.3493697017024899 0.9928420943304431 0.3493697017024899 0.9928420943304431 0.3665208894222394 1 0.3665208894222394
0 0.9900145524318609 0.35589784252150747 0.9654462014821283 0.3490910266739626 0.9631042933598237 0.37580612673580766 0.9876726443095563 0.38261294258335254
0 0.5693863817916435 0.20768586034801872 0.5653020204824695 0.18771787172539053 0.5500807326035393 0.1975578962127798 0.5541650939127133 0.217525884835408
0 0.6064859262550096 0.19689723960369687 0.5977835816412936 0.1803950157436135 0.5887016533414595 0.19553156291000395 0.5974039979551755 0.21203378677008733
0 0.7230728721512245 0.11723809296474208 0.7136677608762638 0.07376557862714478 0.7004309836463218 0.08281636647667748 0.7098360949212825 0.12628888081427478
0 0.36809128719663814 0.47598833195822304 0.36560704485035567 0.4627390394447166 0.3604697281536745 0.46578337526497215 0.3629539704999569 0.47903266777847864
0 0.3648819872303217 0.4606225475168259 0.3562439550904105 0.45379743570257514 0.35432439239265245 0.46147568649360743 0.36296242453256367 0.4683007983078582
0 0.6444809227336215 0.7517246740439258 0.6163406217862859 0.681845408199396 0.60508776310552 0.6961672283385525 0.6332280640528557 0.7660464941830823
0 0.5457266684963078 0.30992196994706567 0.5310141652804601 0.30992196994706567 0.5310141652804601 0.3532287189394334 0.5457266684963078 0.3532287189394334
0 0.7954171208731172 0.8917083945872428 0.7703284287480617 0.8605710659959789 0.7640658386042639 0.8765190432991035 0.7891545307293194 0.9076563718903673