1 0.709560023223429 0.15006667362052484 0.5376496090507252 0.09931738581854874 0.4719105037665451 0.8031201532184712 0.6438209179392489 0.8538694410204474
0 0.05838103507417885 0.007289254780893583 0.03522693165251691 0.007289254780893579 0.03522693165251691 0.026584340965611863 0.05838103507417885 0.026584340965611866
0 0.07435814866834929 0.045253640571366285 0.06353725574043295 0.018321640395218972 0.052654436015639974 0.0321410940140037 0.06347532894355631 0.05907309419015102
0 0.039327137466769545 7.538155030054498e-18 0.02895602864248347 6.409182121141538e-18 0.02895602864248347 0.00686047508789984 0.039327137466769545 0.0068604750878998415
0 0.0834646471143126 1.5861048335296558e-17 0.0622400523111225 1.355059214961422e-17 0.0622400523111225 0.0077180344738873264 0.0834646471143126 0.007718034473887329
0 0.1027730307228169 0.009190018510352838 0.09312072152874235 -0.013314454656159805 0.07296773703524792 0.014004035435021513 0.0826200462293225 0.03650850860153416
0 0.10245524545412021 0.030689962778322484 0.07151639713804558 0.007254158836484331 0.06578425563389785 0.031170576903676736 0.09672310394997247 0.05460638084551489
0 0.0935398929667541 0.10435225571824217 0.08485509352697188 0.0401812376354067 0.06836435782859397 0.047234919070301834 0.07704915726837619 0.11140593715313729
0 0.047768737672583786 0.09261641368664776 0.041542384155865295 0.061069555868607406 0.032771553940849615 0.06654063904366592 0.03899790745756811 0.09808749686170627
0 0.05693390361032495 0.0638881742560673 0.0373976288482978 0.029157019123574254 0.028473651487865546 0.04502186776434256 0.04800992624989269 0.0797530228968356
0 0.06925678461406523 0.1193128970335041 0.05241254543415588 0.08081177890799701 0.04179282684556671 0.09549583424036724 0.05863706602547606 0.13399695236587433
0 0.07485991936450931 0.0828772433984829 0.04437108115821044 0.06842327565623751 0.041733018544988586 0.08601035974438322 0.07222185675128745 0.1004643274866286
0 0.08722085111830119 0.09785941910053912 0.07887185324216907 0.08379794899336922 0.06290692992487901 0.1137568174406296 0.07125592780101113 0.12781828754779948
0 0.09865952748477826 0.12649000943315317 0.06175767515650456 0.12649000943315317 0.06175767515650456 0.15007289254780884 0.09865952748477826 0.15007289254780884
0 0.12056305525825803 0.12683639018158582 0.11652035704073033 0.10383792921076147 0.0944237067409355 0.11611384604398081 0.09846640495846323 0.13911230701480515
0 0.13416248606465989 0.15110196381099383 0.10131260183517701 0.13163536574907805 0.09817715033016029 0.14835777377583387 0.13102703455964315 0.16782437183774965
0 0.10948570909643976 0.11860208111864567 0.1054264598330509 0.09334453014644846 0.07545081532863127 0.10857025433916961 0.07951006459202012 0.13382780531136682
0 0.10840354600806106 0.08669925392333407 0.09916602349712704 0.037432467198353414 0.08715483234713996 0.04455021010204958 0.09639235485807397 0.09381699682703022
0 0.1025656059075383 0.08865281603677877 0.09306512902085534 0.0751410266868297 0.0874883785016136 0.08753380561847801 0.09698885538829655 0.10104559496842709
0 0.1172310479375696 0.021438984649687003 0.09962428179401417 0.021438984649687003 0.09962428179401417 0.07975302289683557 0.1172310479375696 0.07975302289683557
0 0.13404745766625098 0.04897323755054654 0.11121988647233044 0.04390044395189749 0.1096169100816 0.06669833039784155 0.13244448127552053 0.0717711239964906
0 0.13764300787039854 0.08317895758385631 0.11055739751896403 0.0697411353939973 0.10637792501221897 0.09636592321474352 0.1334635353636535 0.10980374540460253
0 0.1456629249332869 0.10399168671842278 0.1362423828548655 0.03700116527187152 0.12653808950902193 0.04131418453669094 0.1359586315874433 0.1083047059832422
0 0.16491755265077374 0.18201842500065027 0.161550668510901 0.11916992105635894 0.14653789906622372 0.12171176561842066 0.14990478320609646 0.18456026956271204
0 0.16146503301603632 0.10042020409913412 0.14680076751565047 0.08738530143212407 0.14173580739216185 0.10539404853786088 0.1564000728925477 0.11842895120487092
0 0.1664335177086012 0.08275448074779175 0.15558003172969717 0.08275448074779175 0.15558003172969717 0.1427836377669153 0.1664335177086012 0.1427836377669153
0 0.156110646599777 0.005831403824715007 0.14154285653031476 -0.007117742903696045 0.12885633736386234 0.03798988079924523 0.1434241274333246 0.050939027527656285
0 0.12753462396020915 0.017597118600463053 0.10978314467026835 -0.006071520452791381 0.10005842123317034 0.016979675842552038 0.11780990052311115 0.040648314895806475
0 0.16102446525111033 0.03971260471304117 0.15084668866897083 0.033556973515595986 0.1408396601823315 0.085849593755543 0.151017436764471 0.09200522495298818
0 0.18480453816105136 0.11023982774202337 0.169051149493528 0.07497298232995468 0.16050706013629495 0.08703522612840137 0.17626044880381828 0.12230207154047006
0 0.20182435699537568 0.12481900879328199 0.16617327152309133 0.1049207285296814 0.16222033174355005 0.1273044533718575 0.1978714172158344 0.1472027336354581
0 0.19406582948549794 0.058775821352102305 0.17167300123754578 0.009511599206607515 0.15961994412143876 0.0268268776674571 0.18201277236939095 0.07609109981295188
0 0.18457560484081809 0.027452358392891767 0.1789753237286681 0.01500728925478091 0.17018076462923099 0.027515106640647206 0.17578104574138093 0.039960175778758066
0 0.18042245519252192 0.054883800703198676 0.1706964911408914 0.04180501143718837 0.15288986502203528 0.08365561293687279 0.16261582907366584 0.09673440220288308
0 0.2024448275975802 0.08641559966489215 0.1915913416186762 0.07355220887507997 0.18008850177778646 0.10422644845078592 0.19094198775669047 0.1170898392405981
0 0.20984746162421733 0.06217305548409228 0.1989939756453133 0.06217305548409228 0.1989939756453133 0.11748563588028468 0.20984746162421733 0.11748563588028468
0 0.22197030543755383 0.12009533550442265 0.21231970336811665 0.10183183051279958 0.20458566809105178 0.11474792983072613 0.21423627016048896 0.1330114348223492
0 0.22045975902581236 0.103764685704485 0.2118789159300053 0.08219750918782048 0.2033860559789739 0.09287687779833148 0.21196689907478095 0.11444405431499599
0 0.21560034106978032 0.053878013483243725 0.20231751949338242 0.022077954716637847 0.17421403626987425 0.05917826260245726 0.18749685784627212 0.09097832136906314
0 0.26175966078058605 0.10876615621739183 0.2251119467518929 0.06316011209279598 0.2150613435538295 0.08868545354819515 0.25170905758252266 0.134291497672791
0 0.05251059611703579 0.13026812484123007 0.047058824124278135 0.09634598799740463 0.010043203599160557 0.11514757302603577 0.015494975591918212 0.1490697098698612
0 0.045549802761341185 0.15153074350398757 0.02056266615213102 0.12931995540691188 0.00927504073407083 0.16945373467112587 0.034262177343281 0.1916645227682016
0 0.05138656633221848 0.1702255381185146 0.030161971529028376 0.1702255381185146 0.030161971529028376 0.1878055055312579 0.05138656633221848 0.1878055055312579
0 0.04802328716568262 0.18619059036926475 0.013823331076760547 0.17272775051203826 0.008867979730392522 0.21251265021047688 0.0430679358193146 0.22597549006770334
0 0.14110930535598118 0.19201695875975988 0.10507106039125123 0.1321501474522304 0.09627407902489708 0.1488867045936761 0.13231232398962703 0.2087535159012056
0 0.13799964991113892 0.21992087258637916 0.10124328038188783 0.16169296046083292 0.08872746331731264 0.18666278808596073 0.12548383284656373 0.24489070021150697
0 0.1328089925190554 0.19365708722387834 0.09932634296322071 0.17877590964350748 0.09403438182579435 0.21640763328742862 0.12751703138162904 0.23128881086779943
0 0.12171591223542741 0.2209015512984067 0.08793136010686778 0.21508915523327818 0.08670726591502026 0.23757621890573644 0.12049181804357989 0.24338861497086495
0 0.13613297994403617 0.23171546200651807 0.09766409351423368 0.22081284685088964 0.09635114234041896 0.235454241758884 0.13482002877022145 0.24635685691451245
0 0.13139211001106826 0.2017796308420994 0.12178739729869739 0.20121046268136633 0.12085021504657892 0.2511935161276842 0.1304549277589498 0.25176268428841736
0 0.24174157931140658 0.22228052987714747 0.22529480735823046 0.2159586475648155 0.21655479309270312 0.2878209870813733 0.23300156504587924 0.2941428693937054
0 0.14753047817948328 0.2786696577464103 0.10903125080225494 0.23105708669051442 0.10114607418052549 0.25120809361271196 0.13964530155775381 0.29882066466860785
0 0.06062208521537084 0.2288258758608601 0.060213827223798484 0.19979419646015972 0.05304294884784134 0.20011290216575783 0.05345120683941369 0.2291445815664582
0 0.013761148272017848 0.3198696509733297 2.2034663111748896e-17 0.3198696509733297 2.3216146388518276e-17 0.35417202641282886 0.01376114827201785 0.35417202641282886
0 0.11704551826271652 0.33266707565652737 0.10380743028643644 0.266770815507933 0.08981194469634438 0.27565683810481684 0.10305003267262446 0.3415530982534112
0 0.14801042099569234 0.32240934607798494 0.12444815228935366 0.3140316505379534 0.12146112452421938 0.340583008450258 0.14502339323055807 0.34896070399028956
0 0.18027140954833923 0.29921717254673097 0.1348193010411164 0.28829774707953026 0.1322966830661057 0.3214841879952265 0.17774879157332854 0.3324036134624272
0 0.16484907591608133 0.3738131080923888 0.13663717638807876 0.3327776178698392 0.12536459540602887 0.35727112716416964 0.15357649493403144 0.3983066173867192
0 0.06308421233170393 0.3998370637166623 0.04222140039447739 0.36274762027270363 0.02967959437441045 0.38504416430837796 0.05054240631163699 0.42213360775233666
0 0.0781845382422157 0.3479892509104926 0.07345126577283169 0.3157328755635795 0.04194435369240024 0.3303447768182724 0.046677626161784246 0.3626011521651855
0 0.0938357559385987 0.30529114141154257 0.06778738958922903 0.30529114141154257 0.06778738958922903 0.3284452448332045 0.0938357559385987 0.3284452448332045
0 0.1013299674127433 0.29495583569162154 0.09911875053597453 0.27333504845210516 0.0904378912614698 0.27614098276305626 0.09264910813823857 0.2977617700025726
0 0.08352394116381746 0.36351244911510466 0.06039926185694737 0.3439360010246327 0.05273115921422199 0.3725635842241408 0.07585583852109208 0.3921400323146128
0 0.0948687711659409 0.3813954918264881 0.07727793256994363 0.36402182407735484 0.07157814590806635 0.3822611413953621 0.08916898450406363 0.39963480914449534
0 0.09407694451590769 0.4120572849669837 0.06103410942457764 0.4120572849669837 0.06103410942457764 0.4416430837835517 0.09407694451590769 0.4416430837835517
0 0.11964293371065941 0.4039104708001026 0.08539415573278447 0.4039104708001026 0.08539415573278447 0.4390704056255893 0.11964293371065941 0.4390704056255893
0 0.10897864257971585 0.45708367234046704 0.1026168735568778 0.43015554949247536 0.09159895945913513 0.43838225868545655 0.09796072848197317 0.4653103815334483
0 0.20296229034736862 0.40893203500500497 0.19442651089461607 0.3851134886839627 0.162366382299268 0.4214253189209878 0.17090216175202055 0.44524386524203013
0 0.22635785883451073 0.43236861197049037 0.22367305804002774 0.40290065349191356 0.17193990899182604 0.417797209712366 0.17462470978630906 0.44726516819094275
0 0.24532304045330094 0.3779742608929625 0.22835493931226647 0.36946603923819876 0.21389067525333239 0.4606347339126923 0.23085877639436686 0.469142955567456
0 0.009660942457765226 0.49352542663579424 3.410056107575617e-17 0.49352542663579424 3.529681289348516e-17 0.5282565817682872 0.009660942457765226 0.5282565817682872
0 0.02763712252537387 0.5093928942583178 0.013754813609896971 0.4417228579678211 -0.004969899270085579 0.45386332540373137 0.00891240964539132 0.5215333616942281
0 0.04681255472443685 0.47525975033593365 0.020727045810348343 0.4267775923541933 0.007009296667547918 0.450104392828907 0.033094805581636424 0.4985865508106474
0 0.033906913087515075 0.48981126740324016 0.028089053486210616 0.47533126128443814 0.016704300776207145 0.48978809012253804 0.022522160377511605 0.5042680962413401
0 0.07518938385836665 0.45395941082713065 0.04602219969896709 0.43173679432473094 0.040283574928512075 0.455541460039211 0.06945075908791164 0.4777640765416106
0 0.07002914917559255 0.47104523939502296 0.06106787582540088 0.4540862704742301 0.041189230936559434 0.48728427675323793 0.05015050428675111 0.5042432456740309
0 0.054247886429854786 0.4645273697398665 0.04709458618576412 0.4598421672408129 0.041502540781132025 0.48682600538379933 0.04865584102522269 0.49151120788285296
0 0.08684279673747716 0.4779939887530343 0.07788973255282208 0.4532664781477964 0.047658338417206486 0.4878607682442351 0.056611402601861566 0.5125882788494729
0 0.09251513200489353 0.5049215371388834 0.07093574271205125 0.4849058717078413 0.06121652396521696 0.5180232096600175 0.08279591325805924 0.5380388750910596
0 0.11530153931909783 0.5106766143555438 0.09019673265495486 0.492128762967317 0.08461328473266903 0.5160135124126507 0.109718091396812 0.5345613638008776
0 0.09466292129184396 0.4929510111877321 0.0767975841926015 0.43535128027642694 0.06747899776465915 0.44448601089737977 0.08534433486390161 0.502085741808685
0 0.08898265064653024 0.44368847880553547 0.07981096609859148 0.4320418952525973 0.07371606556389161 0.4472114254722947 0.08288775011183037 0.4588580090252328
0 0.09843714719102095 0.45769085220160655 0.08547823982395647 0.4452857442946729 0.07958460885457601 0.4647440814634208 0.09254351622164049 0.4771491893703545
0 0.12939175883904155 0.47948556202641573 0.1144500835586334 0.4711846313150778 0.10801695762649531 0.5077819699512409 0.12295863290690347 0.5160829006625788
0 0.1427000315714527 0.5310049288258583 0.14007112128366386 0.501588625474914 0.1035039905369512 0.5119170362361869 0.10613290082474001 0.5413333395871311
0 0.13942039704999568 0.47251522167910104 0.12880809964840062 0.47251522167910104 0.12880809964840062 0.5029585798816565 0.13942039704999568 0.5029585798816565
0 0.14297451551939772 0.4514726559908607 0.1359891482331848 0.4291194806749796 0.10963360775233673 0.4551496441128546 0.11661897503854964 0.4775028194287356
0 0.17009809984629892 0.4485246680255679 0.16316967966858617 0.4136259589822746 0.14200000164915255 0.42690889421015465 0.14892842182686528 0.461807603253448
0 0.2234241418262709 0.45855658459971316 0.21684247924972178 0.4305584009407422 0.18607083278302664 0.45342025436873457 0.19265249535957574 0.48141843802770545
0 0.2098760730376249 0.4791524431766677 0.15193345071373174 0.4653341484219183 0.1495850244918083 0.49645672623165144 0.20752764681570146 0.5102750209864009
0 0.0350881179475046 0.6527265676278879 0.02962804951037276 0.57149607579126 -0.002826708534072367 0.578390727395391 0.0026333599030594693 0.6596212192320189
0 0.06872376877172272 0.5679060922027667 0.015151529482387224 0.5440962080741735 0.010285195246094378 0.5787012515322565 0.06385743453542987 0.6025111356608497
0 0.0651619862869207 0.538981794206431 0.034480328164272905 0.5326393325790102 0.03260062743236379 0.5613778682135314 0.06328228555501159 0.5677203298409522
0 0.07541997257509218 0.6442086930239862 0.07128516559902218 0.5881590873483705 0.05540654587993689 0.5918612063356982 0.059541352856006896 0.647910812011314
0 0.0928710016293628 0.5822828230854983 0.07188759540348168 0.5822828230854983 0.07188759540348169 0.635451505016722 0.09287100162936282 0.635451505016722
0 0.13636391879595622 0.5831783275770605 0.11151722650875413 0.5326961591205233 0.10222826466407563 0.5471456553233566 0.12707495695127774 0.5976278237798938
0 0.1469794448101444 0.5685584135009241 0.11981943368131988 0.5544444931878254 0.11647792529756426 0.5747671172761637 0.14363793642638878 0.5888810375892622
0 0.17921651230597713 0.5351170568561869 0.1613685575851127 0.5351170568561869 0.1613685575851127 0.5702769916816736 0.17921651230597713 0.5702769916816736
0 0.18561126890976382 0.5870341656294831 0.18343405310378547 0.5638105303657138 0.16450400909012936 0.569419432295686 0.1666812248961077 0.5926430675594552
0 0.19198226471519575 0.5282659212868724 0.15642483159710482 0.517551817145828 0.15344179834130625 0.5488405215177595 0.18899923145939718 0.5595546256588039
0 0.22769541634508178 0.5608438384358113 0.21563598747963286 0.5394048537861243 0.18488444387273806 0.5940742646428263 0.19694387273818698 0.6155132492925133
0 0.21767744400379904 0.5392657026404737 0.20778234131510767 0.5231403501107544 0.18589698082464842 0.5655846856074027 0.1957920835133398 0.5817100381371219
0 0.17410788557400966 0.6151048884965348 0.12266835076277341 0.5716444234414969 0.11555825423025189 0.5982414512112997 0.16699778904148815 0.6417019162663374
0 0.17297015629907803 0.6544360430687632 0.15217227974805003 0.6116240398760038 0.12961643817022195 0.6462552309853963 0.15041431472124994 0.6890672341781559
0 0.22459659131632534 0.6106093733983297 0.22010143660097536 0.5887950490139287 0.17983051129958627 0.6150220982751193 0.18432566601493622 0.6368364226595202
0 0.2363299674127432 0.679015521824886 0.19501436411971512 0.6545322013549435 0.19011823600034286 0.6806448846582622 0.23143383929337094 0.7051282051282048
0 0.24768050591142898 0.7351035103945469 0.1937496951494192 0.6747085517109314 0.18409658509624505 0.7019517734165562 0.23802739585825483 0.7623467321001718
0 0.02530754489705496 0.6728107758569655 0.019810770892642854 0.6443089847229769 -0.005489022143636654 0.6597298109546139 0.000007751860775451203 0.6882316020886026
0 0.005319548066203623 0.6538890318154528 4.5073587008751767e-17 0.6538890318154528 4.5383726368903727e-17 0.6628934053683213 0.005319548066203623 0.6628934053683213
0 0.03077459051539318 0.706534602521224 0.028681073664351225 0.6804819483749244 -0.0017555848555012646 0.6882118933958394 0.0003379319955406912 0.714264547542139
0 0.025845527679946995 0.7165943655391236 0.018393632325848897 0.7016905748309274 0.013648039146107377 0.7091897838063213 0.021099934500205475 0.7240935745145176
0 0.027555028781139135 0.726447263713148 0.021279198626125623 0.7044818581706007 -0.0025554304669020145 0.7260044862052218 0.0037203996881114976 0.7479698917477691
0 0.10167248424503902 0.6900165484568385 0.09243466819831125 0.6747809535845914 0.0676591182105806 0.7222584866058125 0.07689693425730837 0.7374940814780597
0 0.09124056684675422 0.7076923286288159 0.07977928565303175 0.6924106203705188 0.07150169367978743 0.7120315791219121 0.0829629748735099 0.7273132873802093
0 0.10539756894890798 0.744539517655406 0.056770994080952736 0.7166242617126908 0.05144382403122397 0.745952337685391 0.10007039889917921 0.7738675936281063
0 0.18388349267291734 0.7705763514036006 0.18318956390347146 0.7404752634489704 0.12483493480923732 0.7447269668438143 0.12552886357868318 0.7748280547984445
0 0.07756007769811643 0.7549669887197816 0.0682538391962888 0.7251870255139335 0.028362158654958614 0.7645862161720379 0.03766839715678624 0.794366179377886
0 0.06199886373381358 0.735271438482173 0.046803983363347935 0.735271438482173 0.046803983363347935 0.7609982200617974 0.06199886373381358 0.7609982200617974
0 0.04716260582726389 0.7843569548955639 0.03998849317944575 0.762205308825108 0.014996532798689372 0.7877863053091145 0.022170645446507514 0.8099379513795705
0 0.09434687437427561 0.7741057644145232 0.06950292072038508 0.7395533269820527 0.04061724086193225 0.8051949878777833 0.06546119451582277 0.8397474253102538
0 0.05598052612077348 0.7841887293064495 0.05239682792019193 0.7727208950645886 0.04226008158140421 0.7827324963868482 0.045843779781985755 0.794200330628709
0 0.08197126030686523 0.7699262355871466 0.07855166883405983 0.7537148389753284 0.05508038591347107 0.7693623609223877 0.05849997738627648 0.7855737575342059
0 0.20406996681910666 0.823827540009613 0.20094568870052762 0.7593979823642508 0.17823481999691831 0.7628785752690187 0.18135909811549733 0.8273081329143808
0 0.2501256244993501 0.7972565506486531 0.20730686871312576 0.7802705979400683 0.20358052873194965 0.8099586399300145 0.246399284518174 0.8269445926385993
0 0.013090837811851136 0.7774611260968327 0.0032620328001767285 0.771207477060165 -0.007651891805402183 0.8254204358852628 0.002176913206272224 0.8316740849219305
0 0.27085605959326203 0.7791041342803562 0.25892354436783815 0.751363586063986 0.24398196466480837 0.771676321869412 0.25591447989023225 0.7994168700857822
0 0.2553438630122087 0.7515190409659944 0.24884941936954766 0.7370869439823023 0.22867193595077162 0.7657838092890045 0.23516637959343267 0.7802159062726965
0 0.12006856061179297 0.8341228028833932 0.08329439635385932 0.8177787298798669 0.07899556465241099 0.8483481997568324 0.11576972891034464 0.8646922727603586
0 0.03763881742560675 0.8161392781125381 0.006525490952748527 0.8161392781125381 0.006525490952748529 0.862447484955862 0.03763881742560675 0.862447484955862
0 0.029965333708037667 0.8134928607717039 0.017916658473424135 0.8018092969078365 0.012109697822290821 0.8207356871781974 0.024158373056904353 0.8324192510420647
0 0.008083940221514221 0.8460219244088711 0.0009281637344732557 0.8434776483245899 -0.0012987077239713513 0.8632720612885423 0.0058570687630696144 0.8658163373728235
0 0.1074870294142869 0.8524997960784072 0.06059996998542147 0.8108224099194159 0.049601770860132094 0.8499271179204447 0.09648883028899752 0.8916045040794361
0 0.08652916080247375 0.8130621532569359 0.08357814762128149 0.7920771706351245 0.06275080459248267 0.801333767536813 0.06570181777367494 0.8223187501586243
0 0.09579420718634765 0.8016293733016302 0.08459340965611878 0.7750793347114576 0.07567907983877889 0.7869651078012441 0.08687987736900776 0.8135151463914165
0 0.04559804047680304 0.85875999006437 0.0014605308292599817 0.85875999006437 0.0014605308292599834 0.9084984344516438 0.04559804047680305 0.9084984344516438
0 0.05728945979542015 0.8858205521010203 0.03746574111249042 0.8775973799066199 0.029719750112255375 0.9366144541941248 0.049543468795185105 0.9448376263885253
0 0.08064257343372808 0.9134831577408575 0.07985164700696898 0.8635669121409488 0.054370420418276486 0.8648429673065797 0.05516134684503558 0.9147592129064884
0 0.119308980295924 0.887455246441643 0.1183887531086526 0.8743675708893417 0.10179497898979495 0.8780550762490886 0.10271520617706636 0.89114275180139
0 0.10957454278432743 0.848607775817205 0.0916002701170741 0.8468648160434109 0.09073385142752546 0.8751036474064776 0.1087081240947788 0.8768466071802719
0 0.04366853185833123 0.9367978941892307 0.02967959437441047 0.9367978941892307 0.029679594374410475 0.9805334228745921 0.04366853185833123 0.9805334228745921
0 0.0523013235039123 0.9996236569123439 0.045371007841252906 0.9604218713457856 0.029008351870250415 0.9695641807137108 0.03593866753290981 1.008765966280269
0 0.1010714132578681 0.9852499994975231 0.0841882128462396 0.9852499994975231 0.0841882128462396 1 0.1010714132578681 1
0 0.06460995768774239 0.9789073227746496 0.06115492047947896 0.9647533539214739 0.04651077088679911 0.9760511464793483 0.04996580809506254 0.9902051153325241
0 0.068510955321156 0.9891090167344667 0.05476320641454424 0.9891090167344667 0.05476320641454424 1 0.068510955321156 1
0 0.1449343419308251 0.9952372680389467 0.1430864663692886 0.968956371163761 0.12946116704807983 0.9719842154573628 0.13130904260961632 0.9982651123325488
0 0.19400675756856942 0.9989129436638454 0.19391294777123136 0.982735965278443 0.15099340199246036 0.9835225778013074 0.15108721178979842 0.9996995561867098
0 0.15682724052589617 0.9713664773710062 0.1450680703427308 0.9628337461723375 0.1367965334857867 0.9988608844825831 0.14855570366895204 1.0073936156812517
0 0.2289783655014227 0.9727878520901455 0.18492272720581027 0.9492915116658188 0.18048839776611125 0.9755690194566279 0.22454403606172368 0.9990653598809546
0 0.36651981006391937 0.9861472405427132 0.31141265099750887 0.9306168314066683 0.2943123196174753 0.9842503910737656 0.3494194786838858 1.0397808002098106
0 0.3982545748134176 0.888324872798353 0.38570688614512366 0.8858463170120234 0.3807948748755385 0.964438497325388 0.3933425635438324 0.9669170531117177
0 0.38259383050899165 0.9270164934769777 0.37169259653762543 0.925632209798074 0.36950843195935534 0.9799936393016863 0.38040966593072156 0.9813779229805899
0 0.3732768504413708 0.9170740283115185 0.3616997987305398 0.9170740283115185 0.3616997987305398 0.9569505397599364 0.3732768504413708 0.9569505397599364
0 0.4078130723401482 0.9358639767757239 0.39499373425852025 0.9273177513879721 0.3811171311804694 0.9931031289431758 0.39393646926209736 1.0016493543309277
0 0.41636109621002304 0.9844396452153517 0.41134924182832755 0.9547397673978951 0.37118802459752037 0.9761590832543247 0.37619987897921586 1.005858961071781
0 0.4540267861244169 0.9151873976623465 0.4371677045705192 0.905196830815592 0.4203568607320831 0.9948546646205829 0.4372159422859808 1.0048452314673373
0 0.3725532847094438 0.8000171721242277 0.35422295283396144 0.8000171721242277 0.3542229528339615 0.837321005414683 0.3725532847094439 0.837321005414683
0 0.37303566186406173 0.7477060495789914 0.3460225412054561 0.7477060495789914 0.3460225412054561 0.8055913081331463 0.37303566186406173 0.8055913081331463
0 0.4432311854040668 0.8370122840357274 0.4412437915270408 0.8122802713438486 0.40656569788155594 0.8210874062379403 0.40855309175858195 0.845819418929819
0 0.4581752296541312 0.8373210054146831 0.427303091758582 0.837321005414683 0.427303091758582 0.8801989747140571 0.4581752296541312 0.8801989747140572
0 0.45431621241718756 0.8690507026962199 0.44683936652060924 0.8690507026962198 0.44683936652060924 0.8857731107229756 0.45431621241718756 0.8857731107229756
0 0.5101906261434148 0.8848202962790369 0.4926377378174368 0.8546912006083927 0.482937949568639 0.8725511281776077 0.500490837894617 0.9026802238482519
0 0.5170677211365144 0.995289697724654 0.48793961548595 0.9586341040969774 0.4801722073369432 0.9781416688309909 0.5093003129875077 1.0147972624586674
0 0.6883173730665549 0.9728153884007047 0.6477976920786465 0.9728153884007047 0.6477976920786465 1 0.6883173730665549 1
0 0.7148295636030575 0.9785544396761588 0.7115865048866252 0.9324309379313552 0.6931225916452486 0.9365340297627731 0.6963656503616809 0.9826575315075767
0 0.7475146974812709 0.9843581377360954 0.72543147134286 0.9320127128154208 0.7132755670464874 0.9482205852105852 0.7353587931848983 1.0005660101312597
0 0.7558365225294476 0.9692557079305679 0.738507350786191 0.9604535889498664 0.7335925646825365 0.9910344802614959 0.750921736425793 0.9998365992421971
0 0.7599503805273216 0.8746248387051385 0.7442731230022379 0.8746248387051385 0.7442731230022379 0.9462310474350928 0.7599503805273216 0.9462310474350928
0 0.7688780684812507 0.961719889268159 0.7653233199110661 0.9111634651588665 0.7501544136950798 0.9145343332068635 0.7537091622652645 0.9650907573161559
0 0.7877353046333155 0.9717005611989218 0.7742287443040134 0.9236772355836221 0.7617834137148698 0.9347397516628602 0.7752899740441718 0.9827630772781598
0 0.8144589989991506 0.9736729477866921 0.7715274322381525 0.9736729477866921 0.7715274322381525 1 0.8144589989991506 1
0 0.810681281282648 0.9687588434400229 0.7819554507267481 0.8870498143032373 0.7666928207559143 0.9040082920486073 0.7954186513118142 0.9857173211853932
0 0.8427263002597633 0.9974273427785447 0.8379314713428595 0.9377583607015357 0.8160170772085666 0.9433239211165958 0.8208119061254704 1.002992903193605
0 0.7455235773119786 0.8381634266161632 0.7398648207282993 0.7855770017981332 0.720682420577403 0.7921008712214331 0.7263411771610823 0.8446872960394631
0 0.7375940547075277 0.8182238175498079 0.7317313169821706 0.8025898502821904 0.7272229458832415 0.8079331049179587 0.7330856836085986 0.8235670721855761
0 0.8346209453058441 0.9362505695222916 0.8107790288119505 0.9189823501686895 0.8073362746843153 0.9340052772710972 0.8311781911782089 0.9512734966246994
0 0.844848759740082 0.8660492448452632 0.8274275232713773 0.8454018534749512 0.816703908064873 0.8739981606923023 0.8341251445335779 0.8946455520626143
0 0.8295332850809618 0.8306749201732804 0.8236241649368918 0.8201698176949336 0.8144589989991506 0.8364634460286955 0.8203681191432206 0.8469685485070424
0 0.8580485802397365 0.8652370542649663 0.8239929532802044 0.8301856487393663 0.8173052243678922 0.8507217051973757 0.8513608513274243 0.8857731107229757
0 0.7966755204326167 0.8470428420182038 0.7941943824937643 0.8029337231052835 0.7695740435625209 0.8073106722486167 0.7720551815013733 0.851419791161537
0 0.8554803522278615 0.8066375305840516 0.8458135140493178 0.7837235437904657 0.8231996730408278 0.8138753318017846 0.8328665112193714 0.8367893185953705
0 0.885522538900574 0.8708940723187736 0.8467808958868818 0.8094197296854768 0.8330056126979032 0.8368569192470637 0.8717472557115954 0.8983312618803604
0 0.9253456404160775 0.8767306986740624 0.8974947942379198 0.8176111578647061 0.8858794677670934 0.8349050883879365 0.9137303139452511 0.8940246291972928
0 0.9638994650533658 0.9479461662070682 0.916385315323497 0.9479461662070682 0.916385315323497 0.984392440111536 0.9638994650533658 0.984392440111536
0 0.7700871275678502 0.8063931042911122 0.7515643841694343 0.7627426082204266 0.7393294809153548 0.7791512114149817 0.7578522243137706 0.8228017074856673
0 0.7788964293017309 0.7880310292185785 0.7621344473936422 0.7419134070375938 0.7497345193762235 0.7561574269140132 0.7664965012843121 0.8022750490949979
0 0.9478521647795339 0.8457145147473955 0.9435801534033623 0.825462016371472 0.9123115411341549 0.846307757884278 0.9165835525103265 0.8665602562602016
0 0.7837315978035588 0.7545665246668912 0.7695014717423292 0.7292685227802603 0.760577494381897 0.7451333714210286 0.7748076204431267 0.7704313733076594
0 1.0003550575024167 0.7560285928038415 0.9344935803673123 0.7544811865862766 0.9341385228648956 0.8022429958002453 1 0.8037904020178102
0 0.9982094225728019 0.7413956360583158 0.9357333453422584 0.7175952256847768 0.9325320081770989 0.744154467351287 0.9950080854076424 0.7679548777248261
0 0.8255530363183128 0.7370182437992784 0.8048124706462979 0.6558995869487295 0.7847145238549207 0.6721403520326703 0.8054550895269355 0.7532590088832192
0 0.8595026261363308 0.7885065130702791 0.8335325237870865 0.755073737632171 0.8257256897745955 0.7742397216628364 0.8516957921238397 0.8076724971009445
0 0.8347444006607448 0.7541478025030879 0.8166382322865262 0.7469947483305568 0.814095820930422 0.7673340391793894 0.8322019893046406 0.7744870933519203
0 0.7903834707496422 0.7465763592883093 0.7709021989218627 0.718100031085728 0.7650834711968667 0.7306810640046382 0.7845647430246462 0.7591573922072197
0 0.8125295139342509 0.749421136946204 0.7892789350816652 0.7287539557439057 0.7844551635354857 0.7459051434636552 0.8077057423880714 0.7665723246659536
0 0.7993196485945693 0.7167422506456563 0.7761391135479967 0.7012885606146082 0.7722338409674595 0.7198024454408586 0.7954143760140321 0.7352561354719067
0 0.8643556448145459 0.7816214460859042 0.8586200627931737 0.7340373582048917 0.8514549972526291 0.736766906982242 0.8571905792740012 0.7843509948632545
0 0.8908881078618616 0.7667954831778419 0.8622459461557657 0.7623677093875275 0.8613635489217084 0.7804078306171421 0.8900057106278043 0.7848356044074565
0 0.8769324299659939 0.7908775366480374 0.8564314008947307 0.7835882818671435 0.8545111687600014 0.8006570119536252 0.8750121978312646 0.807946266734519
0 0.8920252690152901 0.7780636204381859 0.8685093827276649 0.7641282804158889 0.8639750374742559 0.7883114551007357 0.8874909237618811 0.8022467951230328
0 0.7870350683174874 0.7766423843771384 0.7720325968120659 0.7599729715933372 0.7679405209498574 0.7716126540458415 0.7829429924552789 0.7882820668296426
0 0.7909672551228282 0.6361375420572579 0.7801137691439242 0.6361375420572579 0.7801137691439242 0.6858759864445317 0.7909672551228282 0.6858759864445317
0 0.798542631106168 0.6331257071566166 0.7920573901348861 0.6320448336614028 0.7908666236835057 0.6546252937764652 0.7973518646547876 0.655706167271679
0 0.8173198573018463 0.626870179734214 0.8145968399058834 0.5900791891398716 0.7727078514062276 0.5998777829409607 0.7754308688021905 0.636668773535303
0 0.9701703680633992 0.7013120553923063 0.9554578648475515 0.7013120553923063 0.9554578648475515 0.7497641607005989 0.9701703680633992 0.7497641607005989
0 1.0003982141128251 0.6992230633250262 0.9441359571451242 0.6653267899913988 0.939823748968546 0.6879482099341039 0.9960860059362471 0.7218444832677312
0 0.9916851497297673 0.7247189022109303 0.9815972071187442 0.6222382153687879 0.9417784210140767 0.6346262821569063 0.9518663636250999 0.7371069689990487
0 1.001616825716344 0.6719567203058925 0.9798042589721371 0.6608773213247081 0.9771557353496121 0.6773570238648637 0.9989683020938189 0.6884364228460481
0 0.91132304730716 0.6058005681381835 0.8567383121206567 0.5912680782549278 0.8543513875210322 0.6196031831795012 0.9089361227075355 0.6341356730627571
0 0.9451650588723121 0.5977166554616387 0.8698617279661067 0.5826828353876726 0.8682022061543949 0.6089542071370994 0.9435055370606003 0.6239880272110654
0 0.9752486046223361 0.6272118698480504 0.9669508324672103 0.5780398867065669 0.9459740644590533 0.589227496310918 0.9542718366141789 0.6383994794524015
0 0.9511164704559899 0.5769659705947574 0.9359215900855242 0.5769659705947574 0.9359215900855242 0.6001200740164194 0.9511164704559899 0.6001200740164194
0 0.9683898288603241 0.5752634629902229 0.9558976793120557 0.5382496865509111 0.9464984185786911 0.5482755646665004 0.9589905681269595 0.5852893411058122
0 0.9604429408562626 0.5678441605654639 0.9420442466133264 0.5582239282815755 0.9392060561892605 0.5753792126225958 0.9576047504321966 0.5849994449064843
0 0.9551009057531343 0.5646857201874167 0.9528935478936026 0.5431026655608836 0.927933424405051 0.5511705842642538 0.9301407822645827 0.5727536388907869
0 0.7633263224262993 0.60959877866108 0.7494453598017523 0.5984006911656472 0.7251785998174389 0.6934704669066616 0.7390595624419858 0.7046685544020943
0 0.7956945159077261 0.583140382471486 0.7419094631678239 0.583140382471486 0.7419094631678239 0.6062944858931479 0.7956945159077261 0.6062944858931479
0 0.8044354204683777 0.596240073211098 0.76028853730833 0.5521483047616119 0.75444108561875 0.5706522407748608 0.7985879687787977 0.6147440092243468
0 0.8218552166629658 0.5605971432699798 0.8008156432341498 0.5465707609841021 0.7937088400863194 0.5802622722034457 0.8147484135151354 0.5942886544893233
0 0.7660964565332612 0.5085024595569715 0.7507029502756 0.4920827195487991 0.7395728068109589 0.5250609224069938 0.7549663130686202 0.541480662415166
0 0.7674067654681662 0.5359288118939172 0.742164563678569 0.519100677367519 0.7384575282848611 0.5366747710858378 0.7636997300744583 0.553502905612236
0 0.8159447441889465 0.41826602538978835 0.8082460048012441 0.40001716165597423 0.7791876050070574 0.4387616947148869 0.7868863443947597 0.4570105584487011
0 0.8321265872172978 0.5138167558446108 0.8286855598123644 0.4817005000652329 0.8064086017199967 0.48924402026582314 0.80984962912493 0.521360276045201
0 0.8533052258734563 0.48053671071166765 0.8368858496489601 0.4610767092604146 0.8233792893196581 0.4970942034718892 0.8397986655441543 0.5165542049231424
0 0.8674573015197479 0.46953743110704704 0.8379740771555986 0.4485715826703187 0.8341316936136417 0.4656488428567935 0.863614917977791 0.4866146912935218
0 0.8786279261549574 0.45871499817926636 0.8630507846430965 0.4508027993160988 0.8571803456859535 0.4873299750494334 0.8727574871978144 0.49524217391260095
0 0.9233797840654573 0.4653974892436593 0.8765892000675155 0.4653974892436593 0.8765892000675155 0.5168510524029081 0.9233797840654573 0.5168510524029081
0 0.8541501498397577 0.43175593897806813 0.8356382171531254 0.4035472796460564 0.8266830271532766 0.4221210070531499 0.8451949598399089 0.45032966638516164
0 0.8528817816743801 0.40786534337785196 0.8499591436199301 0.3870821394350968 0.8275995437470507 0.3970197393785988 0.8305221818015006 0.417802943321354
0 0.8574599673727388 0.5442111710396904 0.8471663257609342 0.5029058916831157 0.8281124281535248 0.5179131809378967 0.8384060697653295 0.5592184602944714
0 0.8995839964843038 0.5540558603601088 0.8898590279595058 0.541851978289774 0.877413028949363 0.5731974572782819 0.8871379974741609 0.5854013393486165
0 0.9674987407455147 0.530736917845245 0.951097917488505 0.4870013891598826 0.937127532972069 0.5035588819201018 0.9535283562290786 0.5472944106054642
0 0.9757077251245133 0.5402210242217327 0.9720499755969111 0.462189034299534 0.9536863763314547 0.4649095675240454 0.9573441258590569 0.5429415574462442
0 1.011369464686871 0.47458844802677036 0.9950003159008067 0.4548688969799366 0.9741326273471338 0.509615649890181 0.9905017761331981 0.5293352009370147
0 0.9287812496494271 0.4412631842094111 0.9224071305670082 0.43259771513004414 0.9069215600334977 0.4685983577378637 0.9132956791159166 0.4772638268172307
0 0.46248825775154 0.54852525007945 0.458663290666687 0.5179255134006261 0.44321303415554125 0.5240293184420666 0.4470380012403943 0.5546290551208903
0 0.47931161724553367 0.48203789186297197 0.4686836704799558 0.4729541766787174 0.45872169109275707 0.5097913626793812 0.46934963785833494 0.5188750778636357
0 0.8331929040965805 0.3473722027302989 0.8065186239758529 0.3254856139132913 0.796854609468458 0.3627099660899233 0.8235288895891856 0.3845965549069309
0 0.991669243035789 0.4445599339813253 0.9849989235847009 0.4443274173991522 0.984724365334897 0.4692206987146866 0.9913946847859851 0.4694532152968596
0 1.0011556156872232 0.4490695455032315 1 0.408541286250308 0.9453782717998961 0.4134636744547208 0.9465338874871194 0.4539919337076444
0 0.9714312734943709 0.45111922471892757 0.968484634494915 0.4376488750071296 0.9525506695564491 0.44866494953248903 0.9554973085559049 0.462135299244287
0 0.9580074639723538 0.4433116672853145 0.9570830345672106 0.4296164168387479 0.9416853884054112 0.4329012480199317 0.9426098178105544 0.44659649846649824
0 0.9973252180921759 0.4123693737081266 0.9762895957825474 0.3957486350931115 0.9733058195684157 0.4076837399496383 0.9943414418780442 0.4243044785646534
0 0.8272192461709537 0.28451334217351293 0.8112228886018014 0.27014777019846664 0.7944952252100531 0.329017007350379 0.8104915827792054 0.34338257932542526
0 0.8668939721274934 0.2742853402193396 0.8635629436385842 0.25296675789032125 0.8203977902325132 0.2742828830291218 0.8237288187214225 0.29560146535814014
0 0.8688918242076754 0.2828769400202332 0.8634646609256925 0.2617991366413185 0.8185729091360863 0.29833076564068506 0.8240000724180692 0.3194085690195998
0 0.852156797186116 0.3073921697584027 0.8499137434171427 0.2954292163238773 0.8413756677804047 0.3004888167012032 0.8436187215493781 0.31245177013572856
0 0.8711803843776845 0.28614978045040357 0.8671193530329742 0.27769252152300655 0.8506256564043156 0.30272360583750163 0.854686687749026 0.31118086476489865
0 0.8853293009878209 0.28188996684966305 0.8777855909311966 0.2654986956155163 0.8654658694427112 0.2834182905078588 0.8730095794993356 0.29980956174200557
0 0.8862270956167824 0.30275277348020896 0.8774574789458272 0.28196553396387336 0.8675783948192515 0.29513764613264254 0.8763480114902066 0.31592488564897814
0 0.8896012737742109 0.3067004289092908 0.8775133226081259 0.3053847335442748 0.8763700287047327 0.33858260096132375 0.8884579798708178 0.3398982963263397
0 0.8920658189813514 0.35512697180908 0.8732970087475436 0.35044391584430923 0.8721671425477744 0.36475555437471907 0.8909359527815822 0.3694386103394899
0 0.9949350605682703 0.35348668133148897 0.9727592496355462 0.31629454559526415 0.9612427108621753 0.33799682310597196 0.9834185217948994 0.3751889588421968
0 0.9789972151822905 0.3271042005405158 0.9731421169141335 0.2979588224945798 0.9451053089907506 0.3157599703824425 0.9509604072589076 0.3449053484283786
0 1.0066198288439634 0.33378529815822006 0.9860627397250016 0.215011005470884 0.963250211477691 0.22748965340103666 0.9838073005966528 0.34626394608837274
0 1.0090587660220591 0.16692320916546638 0.9951514355696722 0.1521130814778939 0.9788269278528297 0.20056154529097192 0.9927342583052166 0.2153716729785444
0 0.9997925801361844 0.13609200312515415 0.9835309658270153 0.12702234459977887 0.9761654702046654 0.16876015312642856 0.9924270845138345 0.17782981165180387
0 0.9896825239676955 0.1283337621130263 0.9872368717937824 0.09789897950433064 0.9409431362650972 0.10965611868621898 0.9433887884390103 0.14009090129491464
0 0.7666973588042815 0.35386853804984786 0.7441630988198132 0.33823501350777774 0.7379532089243288 0.3665245119205403 0.760487468908797 0.3821580364626105
0 0.8230453359049222 0.22382299974273223 0.8126742270806362 0.22382299974273223 0.8126742270806362 0.24440442500643172 0.8230453359049222 0.24440442500643172
0 0.7883556249409491 0.19080811460911756 0.7716649279825305 0.19034448413805027 0.7713321383736635 0.22820854630246112 0.7880228353320822 0.22867217677352839
0 0.7705652939124941 0.2171880249156389 0.7562050834170536 0.20314693020898605 0.739018661281553 0.2586990017580791 0.7533788717769934 0.2727400964647319
0 0.7596601950260056 0.20985330516085504 0.7438268743038399 0.1895241032459753 0.731405907185589 0.2200987915370541 0.7472392279077547 0.24042799345193386
0 0.8258431234017065 0.17888688791698795 0.8128189402270215 0.13257868107366447 0.7870600001704227 0.1554755166795304 0.8000841833451076 0.2017837235228539
0 0.8205483247516059 0.11130616383419875 0.8111523513804859 0.09857934276008892 0.7898031828501346 0.148394069330908 0.7991991562212546 0.16112089040501784
0 0.7737747372041086 0.09946391183554165 0.7455097474607568 0.09408010426537938 0.7443089750733471 0.11400403128610234 0.7725739648166989 0.11938783885626464
0 0.7873494264631935 0.11962953434525349 0.7738428661338906 0.11962953434525349 0.7738428661338906 0.14964411285481527 0.7873494264631935 0.14964411285481527
0 0.7709486032061831 1.4802973661668753e-16 0.7608470580859481 -0.004489575608993225 0.7561935373002219 0.028602127756170673 0.7662950824204569 0.033091703365164045
0 0.7751227669621672 0.013030582405688563 0.7700676398033912 0.008791482062899468 0.7611354448938776 0.04245593221075467 0.7661905720526536 0.046695032553543764
0 0.8199098843999055 1.764850202632383e-16 0.7960322152463167 1.7388575705434568e-16 0.7960322152463167 0.037303833290455515 0.8199098843999055 0.037303833290455515
0 0.8298869833339519 0.036582271751064335 0.8208382694693475 0.012899218179507047 0.7861762687718101 0.0547552190218161 0.7952249826364146 0.07843827259337338
0 0.8291092467075325 0.07230964498107845 0.8195893473130611 0.05144411206168926 0.7909737747038514 0.09270706120682132 0.8004936740983227 0.11357259412621051
0 0.8475132089110001 0.06891222984444144 0.8138660067288223 0.03830805628339067 0.8065856886871364 0.06360532301409677 0.8402328908693143 0.09420949657514753
0 0.8678161644745983 0.10185235252140624 0.8577344364786951 0.04629082934398479 0.8418646372712546 0.05539178946294716 0.8519463652671577 0.11095331264036862
0 0.8946891926788552 0.10474687309812453 0.8679623269753255 0.07940584487551858 0.860584794022345 0.10399762138545368 0.8873116597258746 0.12933864960805963
0 0.8752014380996146 0.11106713370670156 0.8616948777703118 0.10806567585574546 0.8608228882985024 0.12046730389925668 0.8743294486278052 0.12346876175021276
0 0.8876838746237284 0.017151187719749512 0.8751420686036616 0.0004287796929938439 0.8578922615545235 0.04131721121687715 0.8704340675745903 0.058039619243632816
0 0.8954019090976149 0.024011662807651015 0.886574407168108 -0.00737501071949145 0.8778916183849841 0.0003430237543947791 0.886719120314491 0.031729697281537246
0 0.9349568357762883 1.9945830620042066e-16 0.8949195319429979 1.9509994566833806e-16 0.8949195319429979 0.018866306491724737 0.9349568357762883 0.01886630649172474
0 0.9203065911019077 0.014966795894477592 0.9077921181000459 0.004637389607226162 0.8948357613038694 0.05424805494643012 0.9073502343057313 0.06457746123368155
0 0.947230700933175 0.08375694834891567 0.945613023646891 0.01473605080080731 0.9312470461339707 0.01580019728324595 0.9328647234202546 0.0848210948313543
0 0.95644217498738 0.00664029092122773 0.9366634079260042 -0.004178863710636015 0.9322881167614153 0.0211005963514326 0.9520668838227911 0.031919750983296344
0 1.0028503484082554 0.02983323202351852 0.9942154180711255 -0.011184046536106211 0.9455293245322614 0.02120900572293157 0.9541642548693912 0.062226284282556305
0 0.8332717315828229 0.2237372438041333 0.8253607462470883 0.19560929594374402 0.7989264781740244 0.21910642311980114 0.8068374635097589 0.2472343709801904
0 0.6921763903034985 1.491481176292221e-16 0.6748108127372521 1.4725774438639111e-16 0.6748108127372521 0.03515993482548679 0.6921763903034985 0.03515993482548679
0 0.7196694016365428 0.01705393871721434 0.7084354841903365 0.008177757031323828 0.6931983336568387 0.06912635916532109 0.704432251103045 0.0780025408512116
0 0.7250745122484433 0.03310179229911695 0.716874100619938 0.025812537518223284 0.7058276637791867 0.06508875739644981 0.7140280754076921 0.07237801217734348
0 0.7515525606947427 0.05584840137330676 0.7471892659492682 0.022958855202973853 0.7157216092378458 0.036152841245498904 0.7200849039833204 0.06904238741583181
0 0.7493380831257265 1.6114673668441336e-16 0.7300429969410082 1.5904632197015668e-16 0.7300429969410082 0.02829945973758697 0.7493380831257265 0.02829945973758697
0 0.23321565542098283 0.0007228542611974228 0.2319476011397504 -0.004652828845565665 0.22198950107395363 0.0027711310601179484 0.22325755535518604 0.008146814166881036
0 0.23804508745238717 0.013439050978909788 0.23490422324676463 -0.010659275557796381 0.20176127021529827 0.0029931061787425994 0.2049021344209208 0.02709143271544877
0 0.2246720937680522 0.025807902062082624 0.21486158542075456 0.013350113684561911 0.21103190192969987 0.02288177037340924 0.2208424102769975 0.03533955875092995
0 0.39883191117582284 0.12536542286217164 0.3907372260469598 0.06369163140416806 0.37640315253776446 0.06963761745242689 0.3844978376666275 0.13131140891043047
0 0.39919594787765517 0.12754169897633533 0.39263248890642877 0.1195859911324246 0.38493248404410335 0.139663040847525 0.39149594301532975 0.14761874869143574
0 0.395393842980604 0.011105394048538065 0.36449758622732387 -0.007203498842294875 0.3602285484089549 0.015564702855672538 0.391124805162235 0.033873595746505475
0 0.33120404727437064 0.14522013836815384 0.3096780126727311 0.0986323919839293 0.29963295847504323 0.11330136001864817 0.3211589930766827 0.15988910640287274
0 0.3041763230423479 0.1339936540605446 0.2739071565900721 0.08018180258982903 0.26462139636367593 0.09668982077008795 0.2948905628159517 0.15050167224080352
0 0.28571972185286304 0.11538713761810356 0.2711377442200296 0.10962635633105827 0.2679994552023387 0.1347326684725858 0.2825814328351721 0.14049344975963113
0 0.29857986361098415 0.09560937243566173 0.27079704303272056 0.0691495433135059 0.26504939254570925 0.08822322789262481 0.2928322131239729 0.11468305701478064
0 0.29754363716635146 0.07632278535288571 0.279936871022796 0.0763227853528857 0.279936871022796 0.09561787153760398 0.29754363716635146 0.09561787153760398
0 0.29631823928959267 0.07317871679740888 0.2947224503799676 0.058775698946433766 0.2708570938366236 0.06713259147339595 0.2724528827462487 0.08153560932437105
0 0.31738767291842906 0.09570517961988761 0.28793210865793417 0.03810318728825384 0.27727179181108297 0.055331982192255914 0.3067273560715779 0.11293397452388969
0 0.3438535854434466 0.13273595189246626 0.32680146595601317 0.08557947330993458 0.311246979511798 0.10335602924618054 0.32829909899923143 0.15051250782871223
0 0.34992944865518383 0.1136858871556098 0.34688727990023843 0.09630206569877894 0.3318165231424986 0.10463749659688688 0.334858691897444 0.12202131805371774
0 0.31852704339223264 0.1071949232484349 0.31614104127134185 0.08739994268993367 0.31167728779665765 0.08910042020409908 0.31406328991754845 0.10889540076260032
0 0.331458461729491 0.1024453635721963 0.3163563461964517 0.06217305548409227 0.3071726272912253 0.07305746307547192 0.3222747428242646 0.11332977116357595
0 0.3285423384503383 0.041345815686965465 0.31249732895950816 0.003001457850956118 0.29792884615119286 0.02226817766249509 0.31397385564202307 0.06061253549850444
0 0.33978326948425014 0.07179599646291893 0.33850813315339523 0.04685999710397966 0.30069095040467847 0.052971865022964304 0.3019660867355334 0.07790786438190356
0 0.36281715585554786 0.09496701226186881 0.3609615263780451 0.07055517558005525 0.33758249817123137 0.07617175893304355 0.3394381276487341 0.1005835956148571
0 0.360705234597142 0.06380145476759679 0.3322612423787709 0.032197018969406174 0.32628572762634056 0.04919403870965233 0.35472971984471163 0.08079847450784294
0 0.38316558211103885 0.11234027956435977 0.38038263698824293 0.08760298958395173 0.3455958229532941 0.09997163457415573 0.34837876807609003 0.12470892455456377
0 0.39222446345067297 0.1907395000135489 0.36526096585688084 0.12491815928707783 0.355648950272088 0.13736270120362132 0.38261244786588006 0.2031840419300924
0 0.3828549370724301 0.142522672827461 0.3668945733863759 0.11184809997738679 0.3596451060104737 0.12376944632887026 0.37560546969652797 0.15444401917894446
0 0.4053513106848211 0.16184820428028113 0.3790513277396539 0.1104829793732879 0.3689338950990166 0.12685534900258139 0.3952338780441838 0.17822057390957463
0 0.658231733462176 0.1802809448212825 0.6437780667683185 0.1774258995484218 0.6424191750278705 0.1991681673955922 0.656872841721728 0.2020232126684529
0 0.6701502962270823 0.15880904659409753 0.6589805256606429 0.1400756787677841 0.6443202216678745 0.16770220718082315 0.6554899922343138 0.1864355750071366
0 0.7033289383414796 0.081159420289855 0.7007663806453885 0.069977350343276 0.6817587344945693 0.08374420516856082 0.6843212921906603 0.09492627511513982
0 0.7157192211847432 0.16964542441622893 0.706724306007455 0.10568158315551576 0.693558247199059 0.11153316484813652 0.7025531623763472 0.1754970061088497
0 0.7268896805545507 0.13141105751110643 0.7143101083515601 0.12442240628722272 0.708104437839304 0.15972577631250076 0.7206840100422947 0.1667144275363845
0 0.7071907833065711 0.14197782765422 0.69281095399046 0.12034663141801873 0.6706989515597228 0.16680417187855787 0.685078780875834 0.18843536811475914
0 0.7018483447517108 0.21248208339184416 0.6953884261686443 0.19538917220564203 0.6714307124291796 0.2240053302833358 0.6778906310122463 0.24109824146953793
0 0.7050666401717596 0.20919833055041245 0.6934390788261515 0.20293432443830048 0.686590864890112 0.24311051286306626 0.6982184262357201 0.24937451897517823
0 0.698260005700247 0.18981824785484017 0.6944634137421364 0.18194383490468477 0.6837972035997312 0.19819710750263583 0.687593795557842 0.20607152045279126
0 0.706022021620585 0.19709993593526942 0.6989353337167121 0.1761023421460171 0.6923735856575708 0.18310154007576795 0.6994602735614437 0.20409913386502027
0 0.7227108524140293 0.18643341051367676 0.7169705642740751 0.16602349712717512 0.7003767901552174 0.18077351856616117 0.7061170782951716 0.2011834319526628
0 0.7754612834062865 0.14370681112727526 0.7710795478647834 0.11877960449116948 0.7234254915936289 0.14525408019736696 0.7278072271351319 0.17018128683347275
0 0.7420059385987477 0.2380584855501247 0.718562408884315 0.21721979247062842 0.706020602864248 0.261812880541977 0.7294641325786807 0.28265157362147325
0 0.8072715676185572 0.20838693079495782 0.8011212588971783 0.19745304862361726 0.7733845725066455 0.24676271331789687 0.7795348812280245 0.2576965954892374
0 0.6722369029982045 0.31113082511998424 0.6679380908658092 0.28274501802353247 0.6543410432357782 0.2892530066327781 0.6586398553681736 0.31763881372922986
0 0.6846364525406842 0.2702631387992849 0.6807032234337993 0.259774527847592 0.6598311350128301 0.2845118178279999 0.6637643641197148 0.2950004287796928
0 0.7375680687762624 0.34130863562301683 0.7252674513335045 0.34130863562301683 0.7252674513335045 0.3841866049223908 0.7375680687762624 0.3841866049223908
0 0.6773371736719694 0.3826628727944991 0.6709772482685945 0.36428975496252697 0.6496346470370215 0.38763892554065793 0.6559945724403964 0.4060120433726301
0 0.7077917542609142 0.4083739814572358 0.7053325976753452 0.39588302737180564 0.6903993182784864 0.4051748456631843 0.6928584748640555 0.41766579974861445
0 0.7265698696509727 0.41668810565131015 0.7118091287196606 0.36420547122887936 0.6814193679787295 0.3912185918874911 0.6961801089100415 0.4437012263099219
0 0.7114083846219807 0.39820440257795525 0.7022803246192102 0.3873859610931901 0.6871411031512005 0.42775721834121616 0.696269163153971 0.4385756598259813
0 0.6999426507160615 0.44678844009947594 0.6910896111724847 0.4284265803053914 0.6652483832483336 0.4678036895231466 0.6741014227919104 0.48616554931723116
0 0.7245921233170393 0.40888431523883007 0.7158128591029924 0.4010805248263441 0.7028369136437693 0.44721721979247053 0.7116161778578162 0.45502101020495656
0 0.7337529706910126 0.4423258223291152 0.7139077489944702 0.432749715351736 0.7093181976424499 0.46280993473338977 0.7291634193389923 0.47238604171076903
0 0.7256191935766747 0.49116979683438267 0.7243099604535231 0.4755421252691454 0.7012968530115102 0.48163543031289335 0.7026060861346618 0.49726310187813066
0 0.7378092573535714 0.5042449189606378 0.7259910170654312 0.48323471400394463 0.717549416859617 0.49824200325872553 0.7293676571477572 0.5192522082154187
0 0.7448546190980829 0.5196967229430176 0.7415222338005846 0.49994925451339767 0.7118272731814425 0.5157865668436068 0.7151596584789408 0.5355340352732267
0 0.729126468570448 0.5291141411542748 0.7148963425092183 0.5291141411542748 0.7148963425092183 0.5535545836549179 0.729126468570448 0.5535545836549179
0 0.7232173484263781 0.5091758854300658 0.7156199082411453 0.5046736986536317 0.7143416087814076 0.5114912957722321 0.7219390489666404 0.5159934825486663
0 0.7218507648458898 0.5604927244985295 0.7086791380880952 0.5390278512636052 0.7023618176537495 0.5512796242271847 0.715533444411544 0.5727444974621092
0 0.680363813263921 0.5888406301548145 0.6761217318159576 0.5586747176359611 0.6525136263664197 0.5691672089468661 0.6567557078143831 0.5993331214657195
0 0.6802546403326077 0.6302637909148341 0.6797471829099855 0.6086122742162803 0.6720525566862356 0.6091822465291505 0.6725600141088579 0.6308337632277045
0 0.71941586240971 0.600450887416614 0.7006894502100229 0.5386240026938377 0.6876298632074762 0.5511254876877286 0.7063562754071634 0.6129523724105049
0 0.6711193724875495 0.7418374933804368 0.6649131179621556 0.7170124752788611 0.6475699187175152 0.7307157438178363 0.6537761732429092 0.755540761919412
0 0.734094953263013 0.6760998199125274 0.7095901938084206 0.6543178115084469 0.7018239216190717 0.681931223737245 0.7263286810736641 0.7037132321413255
0 0.6335381527762816 0.5160374220244761 0.6324998653642075 0.49942482343129174 0.6169873219894814 0.5024890295300032 0.6180256094015554 0.5191016281231875
0 0.3405076277609415 0.16793958353114116 0.32965796084599 0.13349619649954897 0.3190820914390189 0.14402506204248902 0.32993175835397043 0.17846844907408121
0 0.357908305462653 0.16672669582368613 0.3419030314724294 0.12878826858759954 0.33059611096818453 0.14386416259325902 0.34660138495840814 0.1818025898293456
0 0.4218674348242241 0.14429969313221863 0.40078118367933907 0.1230572475344085 0.3948326092221601 0.14171944190987187 0.4159188603670452 0.16296188750768204
0 0.4194692779349968 0.12556384529628684 0.3960064531343793 0.09428007889546357 0.38940753365920566 0.1099219620958752 0.4128703584598231 0.14120572849669846
0 0.29127549054308627 0.3211040995162162 0.2495698376973273 0.28066225433244996 0.2425277457330957 0.3036142577714269 0.28423339857885466 0.3440561029551932
0 0.3350341582750366 0.2527275966554508 0.3023538983905941 0.1915715547664357 0.29486152261190257 0.20422534497044803 0.327541782496345 0.2653813868594631
0 0.35822667438470096 0.19749592659291657 0.3261003558871451 0.16893919903953328 0.31838232141325773 0.1963810993911325 0.3505086399108136 0.2249378269445158
0 0.36589647114312646 0.2199639825057885 0.34467187633993634 0.2199639825057885 0.34467187633993634 0.24697710316439409 0.36589647114312646 0.24697710316439409
0 0.3740374654997969 0.19386215671400914 0.35456060800960454 0.1908069633822142 0.3534140823948945 0.2139073313230374 0.37289093988508687 0.21696252465483232
0 0.35363295963533914 0.23572988198663591 0.32669405084667497 0.20380228638525494 0.32086841905628893 0.2193373044929505 0.34780732784495305 0.25126490009433144
0 0.32339162263429033 0.26205035852578923 0.31715782555922745 0.24542689965895498 0.30474589031155774 0.26013734143397105 0.31097968738662063 0.2767608003008053
0 0.35512638167153265 0.2675898786569797 0.3398997224557703 0.234635563059581 0.31059264676789244 0.2774331973974344 0.3258193059836548 0.310387512994833
0 0.35672635106163514 0.297314448485017 0.34294183719350924 0.28460773611275275 0.33097210440437846 0.3256468199612011 0.34475661827250437 0.33835353233346527
0 0.3645515424131579 0.31353055794814905 0.34440155751480506 0.30890833919010396 0.3428986342203761 0.3296152823577915 0.36304861911872893 0.3342375011158365
0 0.3712168074072952 0.252021570140791 0.3445441882695964 0.24016707274625818 0.3412810486942396 0.26337162083768406 0.3679536678319384 0.27522611823221693
0 0.27538096912481486 0.33399761537547373 0.274620674167917 0.31507471867046066 0.2581145604659898 0.3171707331088006 0.2588748554228877 0.33609362981381374
0 0.2984007754315831 0.3842855540823123 0.24552481809846088 0.36548521369720216 0.24268621407320906 0.39071724947721836 0.2955621714063313 0.4095175898623285
0 0.3112485485247784 0.37500039088577913 0.3067579468483198 0.34370588675828107 0.27320611402325545 0.35892213747259594 0.27769671569971405 0.390216641600094
0 0.33719503044335797 0.34302375439499166 0.3288755732122225 0.3095366309489119 0.2977263816937874 0.3339945146596832 0.3060458389249229 0.36748163810576295
0 0.4158613098556836 0.3887570988738917 0.39653578978108406 0.38463432125797725 0.3947029087629853 0.41178811411870064 0.41402842883758484 0.4159108917346151
0 0.42767763459898983 0.4202848106054871 0.4244428701503753 0.3944066950165708 0.41397244838249136 0.3985431579372164 0.41720721283110596 0.42442127352613274
0 0.3815013720950174 0.3502701312065859 0.3723120872995453 0.3448246291055654 0.36237511791441535 0.39782179915959165 0.37156440270988744 0.4032673012606121
0 0.3853936342439685 0.40690034001070763 0.36142144524251524 0.3472362251626464 0.3526376180013302 0.3583902915006592 0.37660980700278346 0.41805440634872043
0 0.3862839997074208 0.4206833234966227 0.37000377073906476 0.4033177459303759 0.36332142839126885 0.42311727881273364 0.37960165735962487 0.44048285637898044
0 0.4030199562181166 0.47187784645978603 0.39706846510776256 0.4083952746160101 0.382949155419891 0.4125787737827869 0.38890064653024503 0.4760613456265628
0 0.4148151896467357 0.4687823161165671 0.41084267190282314 0.44053330104874433 0.39563360396898634 0.44729288679711626 0.3996061217128989 0.47554190186493905
0 0.27588098292529717 0.49365290167965725 0.269378669253251 0.4774693654292313 0.24868534118116042 0.5037466074255369 0.2551876548532066 0.5199301436759628
0 0.2803464916550199 0.5221808894049693 0.27998718586093146 0.4947139575902114 0.26538914944015257 0.495317493979701 0.265748455234241 0.5227844257944589
0 0.3161790311664892 0.44386810273097854 0.3143277458703878 0.4241210595725643 0.2956323718238433 0.42966042966042944 0.2974836571199447 0.44940747281884375
0 0.3798265497632269 0.4424778273693617 0.3714606252394674 0.4284799405845091 0.35118839340576147 0.4667719340481756 0.359554317929521 0.48076982083302816
0 0.3881656691095848 0.4374198415088133 0.37359410709660656 0.42872803258879116 0.35891854453156086 0.5064861331512991 0.37349010654453907 0.5151779420713212
0 0.36144100107310784 0.49166544985942934 0.33073182843249704 0.4526696750777016 0.3196013015201976 0.4803723198372026 0.3503104741608084 0.5193680946189304
0 0.2939497035048947 0.6804526664808832 0.2892447343560077 0.6538386995780883 0.24793984657332377 0.6769169860852384 0.2526448157222107 0.7035309529880335
0 0.26524779560150497 0.6788210370589791 0.26402379367007006 0.6683762205774012 0.24514607207836564 0.6753679693150694 0.24637007400980054 0.6858127857966473
0 0.47628118093794936 0.5715200594154904 0.45705137056085154 0.5531120358066444 0.4518315186904673 0.5703458324580715 0.4710613290675651 0.5887538560669177
0 0.46708435580798574 0.6121654693818304 0.4306834336018147 0.5690236356559997 0.4189950640860723 0.6001926210313139 0.4553959862922433 0.6433344547571447
0 0.4435591930366176 0.5878569590944172 0.4365647242946572 0.5754223479975986 0.4317409527484776 0.5839979418574734 0.43873542149043804 0.5964325529542919
0 0.4149462678922726 0.6110466330586894 0.4004292818369306 0.5883356148743325 0.39574991896102446 0.5977888732094967 0.4102669050163665 0.6204998913938536
0 0.40385878140811227 0.6166785009861929 0.3963545364891517 0.5709383414801471 0.38970467798645037 0.5743864162593256 0.397208922905411 0.6201265757653714
0 0.40249996735933125 0.6545351686884588 0.39147038868211503 0.5901084233993233 0.37759244801750946 0.597617260860366 0.3886220266947257 0.6620440061495015
0 0.336627565141559 0.5840645468510238 0.2932077738647834 0.576258741677671 0.29178550875637566 0.6012625134600492 0.33520530003315124 0.6090683186334019
0 0.3073154763082727 0.5691720593958821 0.30559932681588187 0.5685618729096987 0.3055714973646539 0.5688092458095029 0.30728764685704474 0.5694194322956863
0 0.31279242144503794 0.5613987298032151 0.3028256581768286 0.5507675156504585 0.2934193036617785 0.5786381956950515 0.3033860669299878 0.5892694098478081
0 0.3233873567738329 0.5708750425978871 0.3212809383390356 0.5608110434094112 0.3055690779871837 0.5712044187326001 0.307675496421981 0.581268417921076
0 0.3446992276218993 0.5859296606805481 0.337498381025128 0.5571262742934636 0.3148962762030806 0.574984727486193 0.3220971227998518 0.6037881138732772
0 0.32712458135242967 0.7129137870879747 0.3092832345377929 0.6283325873741412 0.29643746483125444 0.6368964338451668 0.3142788116458912 0.7214776335590004
0 0.3351815944665587 0.6093676943824923 0.32468023038214855 0.5966568234339863 0.30544601950800376 0.6468794851609199 0.315947383592414 0.6595903561094258
0 0.38579638406786565 0.6530908419254187 0.3661450809074297 0.5919534543151728 0.32928775570112057 0.6293958164295181 0.3489390588615565 0.690533204039764
0 0.4293635343129546 0.7319110633758427 0.4268234279799997 0.6656801426943542 0.4152508404279262 0.667082880579454 0.4177909467608811 0.7333138012609425
0 0.456348816673006 0.6937416336155628 0.4433058046502786 0.6759050359776446 0.4191600485650337 0.7317085611524319 0.4322030605877611 0.7495451587903501
0 0.397447665313817 0.7215175052530662 0.389024618075488 0.6990560459508556 0.37538818697378806 0.7152177420713888 0.38381123421211705 0.7376792013735995
0 0.4031106132842222 0.7141567664654997 0.3946682174516213 0.6848540592370016 0.388064856105759 0.6908668760722583 0.39650725193835995 0.7201695833007565
0 0.40724012212518296 0.6986976895338423 0.4012560379638413 0.6969246275601114 0.3997567576184071 0.7129169512447427 0.4057408417797488 0.7146900132184736
0 0.48526951613728747 0.3077048625759857 0.46150126424072163 0.298650290424913 0.4586740635028022 0.3221055854357998 0.48244231539936805 0.3311601575868725
0 0.4668365843988549 0.3513969642397735 0.46086282571606607 0.312456907640854 0.4487648066782477 0.31832261384100835 0.4547385653610365 0.3572626704399279
0 0.5973620539126188 0.13578595317725733 0.5913419870229863 0.11438127090300974 0.5728302813373678 0.13083612040133794 0.5788503482270002 0.15224080267558554
0 0.6407050980987977 0.09983096295861454 0.6187242395149448 0.0845813700115512 0.6139970728969115 0.10611624016036941 0.6359779314807644 0.12136583310743276
0 0.6357399803340233 0.11036789297658872 0.6214423214711471 0.11036789297658871 0.6214423214711471 0.13779264214046832 0.6357399803340233 0.13779264214046832