1 0.6028369334214189 0.5537901686803637 0.48719210091113324 0.3838215259589755 0.23869653252752265 0.9181779311591283 0.35434136503780833 1.0881465738805163
1 0.5803378234933616 0.1271425912098042 0.40241359827735 0.05936193398466118 0.38480094948556876 0.20548168692389268 0.5627251747015803 0.27326234414903566
0 0.03450336592058997 0.05917159763313605 0.007007868107366432 0.05917159763313605 0.007007868107366433 0.08061058228282303 0.03450336592058997 0.08061058228282303
0 0.023263978217991577 0.048795129062687556 0.009516229311379807 0.04064831489580651 0.0070561058228282274 0.05376897350141495 0.020803854729439998 0.06191578766829599
0 0.03912323040456511 0.03274957074689092 0.022610562602240945 -0.004612425088670824 0.011372848763586015 0.011084699003418599 0.02788551656591018 0.048446694838980356
0 0.046633732602894516 0.19131141007985383 0.03544825764110636 0.18689245700853008 0.03130548913674032 0.22003460504345793 0.04249096409852848 0.2244535581147817
0 0.06109795345974764 0.18418610047569314 0.05386229614047826 0.1764680660018058 0.0433918743725944 0.20749153790664698 0.05062753169186378 0.2152095723805343
0 0.0759778210007422 0.21160129994174498 0.04416088922994123 0.20688768042014483 0.04301150090635155 0.23140796465672475 0.07482843267715251 0.23612158417832482
0 0.1259090607092609 0.1364368492419088 0.1040826884656563 0.13255660528749036 0.10130782582374519 0.1818874966992453 0.12313419806734978 0.18576774065366378
0 0.06569613262640252 0.07653895965708225 0.05500611571892075 0.058439460131187185 0.02738271052700541 0.1100031498227625 0.038072727434487176 0.12810264934865756
0 0.08686058228282302 0.0727038847440184 0.07501339936540598 0.05690764085412915 0.06355211817168338 0.08407512220221258 0.07539930108910042 0.09987136609210183
0 0.05910460080610578 0.04030529114141153 0.041015457507932396 0.04030529114141153 0.041015457507932396 0.06002915701912353 0.05910460080610578 0.06002915701912354
0 0.07453067229989871 0.06790048578739717 0.060455506775385595 0.025004743236500218 0.05165274854448172 0.0341335295500302 0.06572791406899484 0.07702927210092717
0 0.10516943637006357 0.07709885719540825 0.07025929966888889 0.02067843424401485 0.060131562123968876 0.04048378766519177 0.09504169882514356 0.09690421061658518
0 0.1138874473863821 0.0794534644811824 0.10077736143073789 0.07071340717741961 0.09829939659537168 0.08246079602656317 0.11140948255101589 0.09120085333032596
0 0.264715265546562 0.044676205365683126 0.23543423014255255 0.04178425125170689 0.23433292599262479 0.07702598404939542 0.26361396139663423 0.07991793816337164
0 0.20280475516679514 0.18849155304004786 0.20024815624732 0.17940142354858066 0.19079356401680803 0.18780550553125794 0.1933501629362832 0.19689563502272517
0 0.21630451017524446 0.17563065308662656 0.1952730663903972 0.16566019084788422 0.19265101629683073 0.1831405248049942 0.21368246008167796 0.19311098704373655
0 0.2256713878787456 0.14756395191177793 0.21307743297709847 0.13157162822714655 0.19813351909923804 0.16876536943426562 0.21072747400088518 0.184757693118897
0 0.08291818131136304 0.004408690190233818 0.06140298607222663 -0.0008071147162234948 0.0602537934391662 0.014174952203675404 0.08176898867830261 0.019390757110132717
0 0.11756666107030496 0.01702622478534422 0.10310624697550486 0.008554467032835047 0.09400895658846586 0.05763103739663146 0.10846937068326597 0.06610279514914062
0 0.1260206032596799 0.054619652377112145 0.10944976911801843 0.05358599410706702 0.10869810302617756 0.0916704094270056 0.12526893716783905 0.09270406769705072
0 0.13633057581636168 0.05365540482597335 0.13196962559420738 0.007138602456328173 0.11659874274840817 0.011692938114342811 0.12095969297056246 0.058209740483987985
0 0.16839085577830104 0.08000039579663959 0.1626394358578561 0.028876663170462946 0.14445752772225617 0.03534134161867633 0.15020894764270112 0.08646507424485296
0 0.11866739141394002 0.26760921484547606 0.08275880450467996 0.2650557153319288 0.08228105077326922 0.28628921450574013 0.11818963768252928 0.28884271401928746
0 0.24418239791673543 0.2900273039984225 0.23334773000782333 0.27549022336591994 0.2153086405876807 0.3179823006667003 0.2261433084965928 0.3325193812992029
0 0.05850039475482663 0.33034415453951027 0.027155457528711388 0.28207898435756557 0.0005053543440759894 0.3367789941264334 0.03185029157019123 0.38504416430837807
0 0.0696204227767771 0.3456821884915524 0.050156504587942595 0.3341480147500213 0.03520281279478647 0.41390103764685743 0.05466673098362099 0.42543521138838847
0 0.03934804977116053 0.3880183587106469 0.015116265596551555 0.381390862184258 0.013722111970488081 0.3975010818632134 0.03795389614509705 0.4041285783896023
0 0.09423017939808778 0.368212650265739 0.0799922352306244 0.3468973654302382 0.06528794102632206 0.3779397643059876 0.07952588519378544 0.39925504914148835
0 0.17829058347503965 0.302825135274764 0.1745245120800834 0.2924779492199346 0.1648740276636107 0.3035791600519553 0.16864009905856694 0.3139263461067847
0 0.15943904896664085 0.35931738272875374 0.13302889975130772 0.3123660063459393 0.1218136309064402 0.3323042620701482 0.14822378012177334 0.3792556384529627
0 0.14412680673175265 0.31202077238694126 0.12677714263864823 0.274567529265319 0.10693552811070818 0.3036166904042639 0.12428519220381261 0.3410699335258862
0 0.12533869472864834 0.36749717994894227 0.08788025337581558 0.3231019901974362 0.0779358628036915 0.34962036505643346 0.11539430415652427 0.3940155548079395
0 0.15900078160562367 0.42193955611132655 0.13605590485200386 0.3932756860527504 0.12875160608921674 0.41175493762356224 0.15169648284283654 0.4404188076821384
0 0.17317280627070153 0.40095283849787783 0.14537478414349553 0.3857977686566752 0.14148605924623336 0.408341101394427 0.16928408137343937 0.4234961712356296
0 0.1136595274847783 0.3965972043564015 0.09404800188663064 0.39025812537518195 0.09173259154446442 0.41289769316525143 0.11134411714261208 0.419236772146471
0 0.1342569308088912 0.3992448790594256 0.1172855558435198 0.3666598391259124 0.10374675390971705 0.3889459328441062 0.12071812887508845 0.42153097277761936
0 0.20369978499459812 0.43287926446975894 0.20306170663729073 0.4005499610328492 0.18896741133955008 0.40142913734771796 0.18960548969685748 0.4337584407846277
0 0.20170512050989428 0.44732868984559726 0.2013057521270828 0.42886899570675596 0.1679597390752063 0.43114906497526034 0.1683591074580178 0.4496087591141017
0 0.05780218248863739 0.43272446616928223 0.04107482700388548 0.4157315971054071 0.028280700626018312 0.45553554583654887 0.04500805611077022 0.4725284149004241
0 0.07659077266100676 0.45000428779692964 0.056210337878398034 0.41377240373895874 0.04764814338392934 0.42899408284023643 0.06802857816653807 0.46522596689820733
0 0.07439560655150472 0.4366351361123482 0.05742639738306228 0.3953857206280619 0.05082182100308558 0.4039727652083301 0.06779103017152802 0.44522218069261643
0 0.09013785267129745 0.4348151959523195 0.0742830803533144 0.3941017065431779 0.061126725838264256 0.4102941428693934 0.0769814981562473 0.45100763227853513
0 0.22448675701307008 0.5042731679757054 0.21908254387425136 0.48303555844771623 0.19349794059635675 0.5036115356870812 0.19890215373517545 0.5248491452150704
0 0.2166643472720883 0.5390428574789421 0.20914609377905158 0.516242402441236 0.19116473829640124 0.5349815928292854 0.19868299178943796 0.5577820478669915
0 0.12455559273252134 0.5805118184209535 0.10913524169203204 0.5578655057817807 0.08889979105421023 0.6014131422421223 0.10432014209469953 0.624059454881295
0 0.2252764367903065 0.5867345651921686 0.20862165614895295 0.5844569883523253 0.20528474124406632 0.6615767994874818 0.22193952188541985 0.663854376327325
0 0.012072828230855022 0.6393105222536657 4.408409476445741e-17 0.6393105222536657 4.468960494380172e-17 0.656890489666409 0.012072828230855022 0.656890489666409
0 0.027508897178629643 0.630306148700797 0.013519959694708893 0.630306148700797 0.013519959694708893 0.6671812022982587 0.027508897178629647 0.6671812022982587
0 0.05018062344567362 0.6663236429122712 0.019790862704742337 0.6663236429122712 0.019790862704742337 0.6834748306320209 0.05018062344567362 0.6834748306320209
0 0.12493244871647016 0.7006999458850456 0.09124921636814762 0.676747425104015 0.08590980027737621 0.7004781632852201 0.11959303262569876 0.7244306840662507
0 0.12684093496158033 0.6488510974619482 0.12334497768594142 0.6220786383254313 0.0863153428466638 0.637360709846403 0.0898113001223027 0.66413316898292
0 0.15079598536095679 0.6445668568430712 0.12446670525683902 0.6341651659377407 0.12131706618845113 0.6593622784848434 0.1476463462925689 0.669763969390174
0 0.13023023747730011 0.688451341058477 0.09953305502643112 0.6566172259242421 0.09283226149518367 0.677038691924234 0.12352944394605267 0.708872807058469
0 0.13121998542149046 0.6114398422090729 0.11117721464711439 0.599562644713146 0.1054128076494297 0.6303061487007969 0.12545557842380578 0.6421833461967238
0 0.2631501372095016 0.6011491295772228 0.2503671426121257 0.6011491295772228 0.2503671426121257 0.6320212674727721 0.2631501372095016 0.6320212674727721
0 0.07418661060856563 0.8496101979816518 0.03894445790874457 0.7732522004653729 0.0211407605810445 0.7992222660829866 0.05638291328086556 0.8755802635992657
0 0.04783527245253119 0.830413195768979 0.03517287214380985 0.8207656526766196 0.025317407864115238 0.8616475785775746 0.03797980817283658 0.871295121669934
0 0.08555621764642418 0.7975736556075589 0.07405166040587607 0.781808151240882 0.04317610791571205 0.8530166326596385 0.05468066515626016 0.8687821370263156
0 0.19175831832604395 0.7700883286167561 0.1870792599262498 0.753451676528599 0.1549529414286938 0.7820084040819821 0.159631999828488 0.7986450561701393
0 0.259773497127176 0.7966726695823684 0.2513318969213618 0.7816653803275874 0.23384572506646067 0.8127519080696333 0.24228732527227487 0.8277591973244143
0 0.09586011399758532 0.8582579596446036 0.08206629536272339 0.8190222088609969 0.0661099094841249 0.8367515265038844 0.07990372811898683 0.8759872772874912
0 0.10408627047423039 0.87320984478175 0.09190624732012684 0.8515564702855668 0.08117335562987754 0.8706371666237886 0.09335337878398109 0.8922905411199719
0 0.11471041919012842 0.8589548585152404 0.10378806847637842 0.8529643493767297 0.09405421391938959 0.9090552200806038 0.10497656463313959 0.9150457292191143
0 0.12272122491700754 0.8245606990943075 0.09542648522593714 0.8170954711446132 0.0939486823823099 0.8341723040043061 0.1212434220733803 0.8416375319540004
0 0.19370637991200115 0.8898827782285458 0.17767661600469672 0.8708845395235923 0.16361346665083476 0.908386271133891 0.1796432305581392 0.9273845098388444
0 0.1957961306309044 0.8373645446544105 0.16826268505684316 0.8325890960995597 0.16748553765511923 0.8467504487531955 0.19501898322918046 0.8515258973080463
0 0.26150299570592817 0.8427507995172565 0.2527966763298968 0.8234034231260755 0.21900086226550453 0.8714685809065443 0.22770718164153592 0.8908159572977254
0 0.20984746162421739 0.9132150110745749 0.17873413515135916 0.9132150110745749 0.17873413515135916 0.9496612849790428 0.20984746162421739 0.9496612849790428
0 0.06509389985560565 0.9409976174524992 0.008537134059709489 0.9100605831709829 0.003708147625371805 0.9379613936804891 0.06026491342126797 0.9688984279620053
0 0.059149511782570136 0.9259778604191331 0.045330903335314504 0.9110243904085765 0.03147969284588484 0.9514787194570703 0.04529830129314047 0.9664321894676269
0 0.20847806327390983 0.9509602916765277 0.1627414539255299 0.9331390253246479 0.1582875192595785 0.9692653842818097 0.20402412860795843 0.9870866506336896
0 0.09287100162936282 0.9646685742338236 0.039327137466769614 0.9646685742338236 0.039327137466769614 1 0.09287100162936282 1
0 0.24909714342150885 0.9647880702138385 0.2464230829275611 0.9487437072501521 0.23143623911053726 0.9566380118122058 0.234110299604485 0.9726823747758923
0 0.24284205605588915 0.9410856911191678 0.2353652101593108 0.9410856911191678 0.2353652101593108 0.9548066412949677 0.24284205605588915 0.9548066412949677
0 0.3814506722124311 0.9221099832026634 0.3691736078906742 0.9182298246022067 0.3640288673426185 0.9696772300827627 0.3763059316643754 0.9735573886832193
0 0.4052238614281112 0.9416439137383487 0.39517812964679855 0.9094975720381482 0.3726520266717147 0.9317455749765026 0.38269775845302734 0.963891916676703
0 0.6019575908764907 0.9933359218736828 0.5923171835408563 0.9522035172416445 0.5760647840237282 0.9642423316987769 0.5857051913593626 1.0053747363308154
0 0.6012720201246342 0.8913121008554195 0.5895882128140107 0.8663866452594224 0.5826846840274291 0.8766140953136173 0.5943684913380527 0.9015395509096142
0 0.6063099827284165 0.898910066837277 0.5802135969337908 0.8823409329994194 0.5779926975906968 0.8933960763961539 0.6040890833853225 0.9099652102340114
0 0.6362737461096082 0.9141866494614503 0.6114910666063001 0.9009692203930205 0.6070368225134292 0.9273647409433691 0.6318195020167372 0.9405821700117989
0 0.6621484713988429 0.9971979613682104 0.6347045136385701 0.9629136177397615 0.6281030521858894 0.9796147509875693 0.6555470099461622 1.0138990946160182
0 0.6865206536648035 0.9808417588335993 0.6593281320644248 0.9017362414506773 0.6497673084605362 0.9121233090697165 0.676959830060915 0.9912288264526384
0 0.6529876840485203 0.807706078014038 0.6337987091343689 0.7984669419442615 0.629685727055002 0.8254649781575414 0.6488747019691534 0.8347041142273179
0 0.6809043712051467 0.8431347536049816 0.6590555236136277 0.8198293161740269 0.6513942393932246 0.8425294175678127 0.6732430869847436 0.8658348549987676
0 0.7161781340729495 0.8736793054379678 0.6633140557885562 0.807169969339996 0.6548071471475994 0.8285399813849118 0.7076712254319927 0.8950493174828836
0 0.7037534420143295 0.8017322908962029 0.6885585616438639 0.8017322908962029 0.6885585616438639 0.8553297525204202 0.7037534420143295 0.8553297525204202
0 0.7697884165087654 0.8690015432409721 0.7415847152933799 0.841652499638174 0.7345426233291482 0.864604503077151 0.7627463245445338 0.891953546679949
0 0.7793087292896946 0.8712438053882532 0.7627418417663402 0.835901112005097 0.7532761785847386 0.8499243167185808 0.769843066108093 0.8852670101017371
0 0.8748445223675594 0.845003525857969 0.847009421636712 0.8172921366859255 0.8394747022325456 0.8412118808261365 0.867309802963393 0.86892326999818
0 0.8708489001507759 0.86562046515227 0.8556540197803102 0.86562046515227 0.8556540197803102 0.8982077218197939 0.8708489001507759 0.8982077218197939
0 0.8671747728311858 0.8983533021930121 0.8396191378130099 0.8646741927263527 0.8300765149505676 0.8893500659868097 0.8576321499687435 0.9230291754534691
0 0.835635367863665 0.9565217600669426 0.789809538174959 0.9565217600669426 0.789809538174959 1 0.835635367863665 1
0 0.8634982144330977 0.9816416534657145 0.8467189106393869 0.9645960115165482 0.8425630459226784 0.9775253684129748 0.8593423497163892 0.9945710103621411
0 0.8934293658750543 0.9626405621723675 0.8850972783205588 0.9518677621019085 0.8757834880703138 0.9746348049358406 0.8841155756248092 0.9854076050062996
0 0.848128947945056 0.6982248625392599 0.8324516904199725 0.6982248625392599 0.8324516904199725 0.7792642245150767 0.848128947945056 0.7792642245150767
0 0.8787873004953857 0.714715578109184 0.8690496545056516 0.6961850968517244 0.840512833873025 0.7435795825807651 0.850250479862759 0.7621100638382247
0 0.9044223618889715 0.762027280856728 0.8878285877701136 0.7030271951007897 0.8718136662367977 0.7172626809081819 0.8884074403556556 0.7762627666641202
0 1.004062216750592 0.8399923056798834 0.9850673096030708 0.8315501247254313 0.9810050928524785 0.8604369993963161 0.9999999999999998 0.8688791803507682
0 0.8206334501318326 0.6690678434156844 0.8071268898025294 0.6450561806080359 0.7704662260515658 0.7102306939430874 0.7839727863808692 0.7342423567507357
0 0.7867070399861449 0.7013823841113312 0.7843186621217271 0.676345595463641 0.7362120521587733 0.6908494726714451 0.7386004300231912 0.7158862613191354
0 0.7631217397400959 0.5936287625520191 0.748588657295173 0.5907580302172188 0.7440854900773664 0.6628087057021058 0.7586185725222893 0.6656794380369061
0 0.7748076204431266 0.5460080715264823 0.758406797186116 0.5460080715264823 0.758406797186116 0.6163279411774556 0.7748076204431266 0.6163279411774556
0 0.7615903492824144 0.7689273848326612 0.7506676370182405 0.6727612832052235 0.7361794389650337 0.6779621748140668 0.7471021512292076 0.7741282764415046
0 0.8380416348723825 0.5095598848420232 0.8375086763003049 0.4720396013677661 0.7845783923370102 0.4744158206253775 0.7851113509090878 0.5119361040996346
0 0.8072947092054497 0.4641090446911058 0.8043848131364678 0.4334150298597709 0.7641990536775173 0.4454557068512167 0.7671089497464991 0.47614972168255165
0 0.8662180912432295 0.42380585902326656 0.8500584565635279 0.42380585902326656 0.8500584565635279 0.4941257286742398 0.8662180912432295 0.4941257286742398
0 0.8972108234274333 0.5037732717665993 0.8681723795100551 0.48030786254043456 0.8616801116413955 0.5056998435378585 0.8907185555587737 0.5291652527640232
0 0.9589272697673038 0.5519780041750876 0.9413390565912336 0.5311327144849299 0.9357731663456417 0.545975088473175 0.9533613795217118 0.5668203781633326
0 0.7611650669550607 0.47410362794747013 0.7345645152399141 0.47035046368431005 0.7336037465205887 0.49187168299720013 0.7602042982357353 0.4956248472603602
0 0.7548031560898525 0.4648678202111374 0.7494615384806269 0.44904080507269195 0.7266195614531299 0.4734055805686899 0.7319611790623555 0.4892325957071353
0 0.8071714169244943 0.363209393487259 0.7808291715701574 0.3606076902423862 0.780067015665861 0.38499667917987007 0.8064092610201979 0.38759838242474287
0 0.866132206814882 0.39608805044062506 0.8484885978028442 0.34239299928534617 0.8307055147355755 0.3608607995224216 0.8483491237476134 0.4145558506777005
0 0.8970902291387787 0.3744961943289872 0.8856337717166025 0.3541291589117843 0.8557263881302887 0.40729784084300685 0.8671828455524648 0.4276648762602097
0 1.001577784815841 0.48252219012471875 0.9924726461157827 0.4624812499171834 0.9830971689208357 0.4759434735817229 0.9922023076208937 0.4959844137892582
0 1.0003593706821772 0.4630776176098895 0.998309964851864 0.439395594681825 0.9614095066772163 0.44948802768685703 0.9634589125075296 0.47317005061492157
0 1 0.3980790774436422 0.9762000824961237 0.3980790774436422 0.9762000824961237 0.43967070766403493 1 0.43967070766403493
0 0.9802606408730102 0.44377054637238583 0.9776934693035709 0.43160025152467324 0.971376310949944 0.43581169042709106 0.9739434825193833 0.4479819852748037
0 0.7924109591784472 0.3173656255838994 0.786776427572088 0.28196090591175704 0.7337183679723475 0.3086481033689707 0.7393528995787066 0.34405282304111307
0 0.9581109391979505 0.2831661131786617 0.9460515103325018 0.261727128528974 0.9313390071166536 0.2878826898015916 0.9433984359821024 0.3093216744512792
0 0.8332958504405539 0.15774804888883054 0.8264219759872481 0.14552782763850894 0.8173774043381613 0.16160706612577413 0.8242512787914671 0.17382728737609573
0 0.8270460825120373 0.13863640968616617 0.8195941014172434 0.13274842462361292 0.8129502263804433 0.15932392477081259 0.8204022074752372 0.1652119098333658
0 0.8197651712535201 0.14115427476997272 0.814362547121799 0.12194494452385315 0.8058727092005229 0.12949146712054305 0.811275333332244 0.1487007973666626
0 0.7815609006077779 0.11765714759391581 0.7641953230415315 0.11765714759391581 0.7641953230415315 0.14338392917354018 0.7815609006077779 0.14338392917354018
0 0.7991904818870248 0.13820960125673704 0.7933237327092388 0.12360791441424762 0.7811404502500366 0.13907874928307606 0.7870071994278227 0.15368043612556548
0 0.8077488868032563 0.12008096838105677 0.7868096753618778 0.10820056472637399 0.7838146364345304 0.12488404082537644 0.8047538478759088 0.1367644444800592
0 0.8369358684493009 0.1773672925214519 0.8357164190024267 0.165443786818682 0.8201375664168852 0.17047937553320047 0.8213570158637594 0.18240288123597034
0 0.8504255291740405 0.16664242745391997 0.8486251140967009 0.09462582436034112 0.8362578102114244 0.09560299405004198 0.838058225288764 0.16761959714362085
0 0.9935656600623701 0.15050167224080277 0.9600404478164221 0.15050167224080277 0.9600404478164221 0.18480404768030195 0.9935656600623701 0.18480404768030195
0 1 0.14707143469685285 0.9892242656708085 0.14707143469685285 0.9892242656708085 0.22167910127776355 1 0.22167910127776355
0 0.9181476635418535 0.12737728622360583 0.9157477177973439 0.08471158409898136 0.902756966702682 0.08702105096025409 0.9051569124471917 0.12968675308487854
0 0.8457112179007547 0.10092267156042942 0.8410378239484425 0.08723848534712324 0.8283431677582264 0.1009406539333883 0.8330165617105385 0.1146248401466945
0 0.868736099990335 0.08143383929337124 0.8595612865095015 0.05968613326472876 0.8461319065249374 0.07759197324414736 0.8553067200057709 0.09933967927278983
0 0.8889304136074443 0.09205178300181435 0.8858642142681895 0.03754157252617461 0.8723242218588636 0.0399486822878326 0.8753904211981184 0.09445889276347234
0 0.8083790138054855 0.03821284186094815 0.7980667705109179 0.026724238960926253 0.7775655567151891 0.08488371072185913 0.7878778000097567 0.09637231362188103
0 0.8024848743276278 0.05559233892041374 0.794454659921601 0.05363289662526127 0.7915698625078708 0.09099789169833988 0.7996000769138976 0.09295733399349235
0 0.9576588299145379 0.08186783511920434 0.9571622732166525 0.054207787948105636 0.9300715468270101 0.05574485043829812 0.9305681035248955 0.08340489760939682
0 0.9487308016017479 0.055841180152671775 0.9447577177705189 0.03259128217733082 0.9213155820461032 0.045252013707816924 0.9252886658773323 0.06850191168315788
0 0.8637908731889415 0.027831890683613175 0.8619704596482256 0.006256619089942856 0.8422389931524836 0.011518343488807462 0.8440594066931996 0.03309361508247778
0 0.7670895859692393 0.0030014578509563435 0.7545477799491724 0.0030014578509563418 0.7545477799491724 0.07546522596689834 0.7670895859692393 0.07546522596689834
0 0.7869259017546151 0.016817842599030186 0.7788774115565837 -0.0009246069041858442 0.7613591521923433 0.024191177130567273 0.7694076423903746 0.041933626633783305
0 0.7930515195519965 0.0319243310670938 0.7816185224521862 0.01587801934806195 0.76868447630554 0.04500357511532441 0.7801174734053502 0.061049886834356255
0 0.6289150200900896 0.09209592966625085 0.5975967530342 0.08353024978771692 0.5952852463221868 0.1102409940154252 0.6266035133780764 0.11880667389395912
0 0.61345246222342 0.21396106680387617 0.5922278674202298 0.21396106680387617 0.5922278674202298 0.23797272961152555 0.61345246222342 0.23797272961152555
0 0.6451177935017499 0.16983350077858106 0.6369400560073843 0.1448576187445074 0.617989456136746 0.16446818975491917 0.6261671936311116 0.1894440717889928
0 0.6416715257685704 0.16936797873252726 0.6337123027173742 0.16936797873252726 0.6337123027173742 0.18308892890832695 0.6416715257685704 0.18308892890832695
0 0.6702764910374155 0.13626618643340999 0.6420091897768028 0.11113969642397785 0.6352076718966899 0.1353228711088247 0.6634749731573026 0.16044936111825686
0 0.6796010551188031 0.10542460060646659 0.6794680263200837 0.08106554946319283 0.650223740829916 0.08157030519980846 0.6503567696286353 0.10592935634308223
0 0.6961233939869151 0.02784545770971203 0.6904625562018399 0.01107260501319196 0.6706709052991322 0.032183699309412304 0.6763317430842074 0.04895655200593237
0 0.6755514823033232 0.04093427925136747 0.6631786021350681 0.03955951478822797 0.6616779774848071 0.08224394928453863 0.6740508576530622 0.08361871374767811
0 0.7075585700640349 0.05415235299162117 0.6801481976310382 0.04196996524362278 0.6766438694783724 0.06688963210702359 0.7040542419113691 0.07907201985502198
0 0.7237721174845467 0.14098276305634144 0.7201060511094503 0.12794786038933184 0.7017757192339679 0.14424148872309425 0.7054417856090643 0.15727639139010385
0 0.7278463491443198 0.06888840513744042 0.7010113369735732 0.06292506909949684 0.6988146656233131 0.09416661719208688 0.7256496777940596 0.10012995323003046
0 0.6698281640348882 0.2773498388292798 0.6606970482492376 0.20430091254407584 0.6476217898464167 0.2094664467279064 0.6567529056320673 0.2825153730131104
0 0.5883990786425651 0.20804964231034145 0.5773128533677228 0.20225292321238464 0.5742979961513606 0.22047606016461857 0.5853842214262028 0.22627277926257536
0 0.6131570330478627 0.1852947131021811 0.6042042125173606 0.17218731572419127 0.5867710026902607 0.2098209115414235 0.5957238232207628 0.22292830891941331
0 0.6607100582441281 0.03297885893048977 0.6409186533685312 0.02756582511836061 0.6380968864293787 0.06017290974856662 0.6578882913049756 0.06558594356069578
0 0.27347345086617414 0.04139415553609657 0.25223115414905306 0.0012698172926456487 0.24512914627996227 0.013152915426549184 0.2663714429970833 0.05327725367000011
0 0.25422615984906943 0.009004373552868586 0.23903127947860373 0.009004373552868584 0.23903127947860373 0.036017494211474176 0.25422615984906943 0.036017494211474176
0 0.2928193929872535 0.009294942532638394 0.2798998881037358 -0.01061066499159629 0.2741940030045048 0.0010937146991338606 0.2871135078880226 0.020999322223368547
0 0.2881628114327797 0.16371817571896266 0.2799023754977044 0.13271604578979082 0.26838371106690073 0.14241597373152015 0.27664414700197604 0.173418103660692
0 0.33536216680841247 0.217193869761597 0.3243632894727123 0.18711147021096408 0.3160467343113728 0.19672171173073416 0.3270456116470729 0.22680411128136704
0 0.31192996461345607 0.23096695819242466 0.29902949993179495 0.2294873350031302 0.2980712439676471 0.2558926104596473 0.31097170864930823 0.25737223364894174
0 0.30976596109361176 0.38687687983520086 0.30605843999383897 0.3629090666649522 0.2975825044007843 0.3670528573993345 0.3012900255005571 0.3910206705695831
0 0.36034913386502004 0.9805334228745921 0.3422599905668467 0.9805334228745921 0.3422599905668467 1 0.36034913386502004 1
0 0.5529596399739591 0.6931421624551982 0.5409378128911642 0.6856619144925701 0.5357374863501213 0.7120762715264382 0.5477593134329163 0.7195565194890663
0 0.5491033085786335 0.6739559423840684 0.543073594145909 0.6739559423840684 0.543073594145909 0.6872481128668744 0.5491033085786335 0.6872481128668744
0 0.5863947732240987 0.4994095981116737 0.5744744916147896 0.49517127576169706 0.5714874638496552 0.5217226336740016 0.5834077454589643 0.5259609560239783
0 0.6152438412436818 0.44707781691256127 0.5900829040551605 0.41519540004956496 0.5790373541367574 0.44274516303012595 0.6041982913252787 0.47462757989312226
0 0.652424238828789 0.4968572918395762 0.6341010007349911 0.4425662160061052 0.6212257869757034 0.45629977734934646 0.6395490250695013 0.5105908531828175
0 0.6959655240033025 0.6074322107173228 0.6879957738739091 0.603424973839693 0.6780129137193224 0.6661743805256666 0.6859826638487158 0.6701816174032965
0 0.7286441267461882 0.6706972062490618 0.7048388141657921 0.6646514125778499 0.7030443711506132 0.6869822589889637 0.7268496837310093 0.6930280526601756
0 0.7257016261030186 0.6202727143529989 0.7127739183592573 0.6087814185807661 0.691163421832372 0.6856187395652432 0.7040911295761333 0.6971100353374761
0 0.7481307905697164 0.7387228432125096 0.7365450306152364 0.7222916031272545 0.7127199086412741 0.7753854586686039 0.7243056685957542 0.791816698753859
0 0.7364691766041309 0.4752519854321862 0.719213591856171 0.46870764514258956 0.7122436069742094 0.5267908524922684 0.7294991917221694 0.5333351927818653
0 0.6180796301631516 0.3520344411911117 0.6062296969439178 0.34466114941025505 0.5981565942081124 0.38566738552863183 0.6100065274273462 0.3930406773094885
0 0.7254257097669349 0.4146177467050256 0.7138102603440112 0.3959161426027083 0.694736314791099 0.4333575912806471 0.7063517642140227 0.45205919538296435
0 0.7231932648990052 0.4422433858219974 0.7108926474562473 0.4422433858219974 0.7108926474562473 0.4701140658665905 0.7231932648990052 0.4701140658665905
0 0.7393091145754414 0.416631385267882 0.7254433687956232 0.41526192889456676 0.7249602495223059 0.4307217456407226 0.738825995302124 0.4320912020140379
0 0.6211348553163756 0.3034612723193831 0.5958970759000884 0.27571447389679843 0.5878973778716106 0.29871124175171376 0.6131351572878977 0.3264580401742984