1 0.5583918993815936 0.17126131436539696 0.456044618745346 -0.12861855660055324 0.1410271570167787 0.211177681855578 0.2433744376530263 0.5110575528215282
1 0.6649952376553473 0.9526315476868343 0.34972064560237087 0.6279200398233361 0.29937274672832753 0.7824197217469279 0.614647338781304 1.1071312296104263
0 0.02051442843666923 0.12520367035417196 8.654365002335693e-18 0.12520367035417196 9.83584827910507e-18 0.15950604579367111 0.020514428436669233 0.15950604579367111
0 0.022202748477832088 0.15178801131978378 1.0456126999408992e-17 0.15178801131978378 1.1578536112339902e-17 0.184375267987308 0.022202748477832088 0.184375267987308
0 0.09021792727896401 1.6832490140640272e-17 0.06248124088843148 1.3813143988896306e-17 0.06248124088843148 0.01715118771974959 0.09021792727896401 0.017151187719749595
0 0.06647662745070768 0.1099595092906129 0.04935980004959935 0.05127324391538435 0.0330549307346966 0.06630324690525355 0.05017175813580493 0.12498951228048212
0 0.11703397548384505 0.1374826397460255 0.11075962995428017 0.09375742289999113 0.05884209690238294 0.11730278936343658 0.06511644243194782 0.16102800620947097
0 0.13025523111225443 0.18223136952233931 0.10821430573971087 0.15610879130302838 0.10108996622535335 0.17510703000798175 0.12313089159789689 0.2012296082272927
0 0.20710028418955706 0.17618206126348016 0.17893578461763385 0.15427633937420654 0.15268102410866533 0.2609623503312849 0.18084552368058854 0.28286807222055854
0 0.05826154715514513 0.5911377138096168 0.025362540114503757 0.48251876992940446 0.00665051071988558 0.5004311399481843 0.03954951776052695 0.6090500838283966
0 0.029438405797101476 0.6701826601492149 0.013037582540090934 0.6701826601492149 0.013037582540090936 0.6813309321670521 0.029438405797101476 0.6813309321670521
0 0.0809318320920486 0.6733975375380219 0.00295558375143512 0.6402133082999745 -0.002004804078210229 0.6770517440814268 0.07597144426240325 0.7102359733194742
0 0.14400298001886622 0.7074864934396702 0.12936283337621107 0.6294057113455103 0.1125037518223135 0.6393962781922644 0.12714389846496865 0.7174770602864243
0 0.041496801833318914 0.7088983021438078 0.02362635438696914 0.676184963804175 -0.005709668068494933 0.7268334812059164 0.012160779377854841 0.7595468195455491
0 0.0752642354858074 0.7120315477171497 0.031850291570191265 0.7120315477171497 0.031850291570191265 0.7420461262267115 0.0752642354858074 0.7420461262267115
0 0.023891068518994977 0.8368064383783279 5.764456835245778e-17 0.8368064383783279 5.952017305432917e-17 0.8912614593885329 0.02389106851899498 0.8912614593885329
0 0.020557621579815832 0.8655267984627291 0.009092743106410228 0.8588634502901513 0.0007375291868890466 0.9042983390551291 0.01220240766029465 0.9109616872277068
0 0.0418168161914136 0.8710375909504038 0.026996295383120997 0.8637499589690211 0.017249761520596346 0.9263943475555041 0.03207028232888895 0.9336819795368869
0 0.031862758172645986 0.9686746782940313 0.028118583225947416 0.9265780086230418 -0.0035792812219896386 0.935488329493497 0.00016489372470893104 0.9775849991644865
0 0.049102100939593885 0.9143508413471017 0.03718374463823129 0.9025796252469903 0.02312199550833033 0.9475772224626728 0.03504035180969292 0.9593484385627842
0 0.0990403614329182 0.9112699548990258 0.09085759317115774 0.8862165409617839 0.048114472582625134 0.930338471891882 0.05629724084438559 0.9553918858291242
0 0.06536962116791223 0.8618555702869594 0.06122823681607037 0.8526524939495325 0.047021641347748666 0.8728574297267002 0.051163025699590525 0.8820605060641271
0 0.10495375314744385 0.7704745054318412 0.06144409765690979 0.7689478508532259 0.06121193552010495 0.78985964036098 0.10472159101063899 0.7913862949395952
0 0.09788700636680883 0.8408847524698414 0.09207131155369427 0.8109016147666733 0.04316949449380343 0.840879740167373 0.04898518930691799 0.870862877870541
0 0.14906835075887043 0.784513646807109 0.14524691573880724 0.7593153358869348 0.07554056959514732 0.7927257850189723 0.07936200461521051 0.8179240959391465
0 0.15691284311524228 0.8041977774565433 0.15193082827700394 0.7722759786782013 0.09470615390620128 0.8005024076549363 0.09968816874443964 0.8324242064332783
0 0.2666255627745423 0.9991802518476471 0.2578002701201965 0.9318080830876743 0.23951029375604743 0.9393801889796811 0.24833558641039316 1.0067523577396542
0 0.2825968386656768 0.8671102860832135 0.22297001762122975 0.8293390175799622 0.21507594093370522 0.868724518472558 0.27470276197815224 0.9064957869758091
0 0.30697736395583824 0.8102731188350241 0.2713857522772701 0.7997274561154483 0.26611871523765784 0.8559091845379792 0.301710326916226 0.866454847257555
0 0.6157715831590832 0.9921434576387305 0.6115693360236614 0.954790149768314 0.5986750236213737 0.9593747941780162 0.6028772707567955 0.9967281020484327
0 0.6976696189947023 0.8110713217704324 0.6720506859659072 0.774635505907257 0.6595559411316566 0.8024016055389249 0.6851748741604516 0.8388374214021003
0 0.7977624114148177 0.8672020295936405 0.764470479923972 0.7961792424131691 0.7505922519509471 0.8167395801509837 0.7838841834417929 0.887762367331455
0 0.8045333678879315 0.8332854318335666 0.7930059726488998 0.820989543578598 0.7896009574398316 0.8310784775313915 0.8011283526788633 0.8433743657863602
0 0.7847684949272833 0.8254704670099936 0.7665944042208906 0.7748522588203373 0.7577962576331811 0.7848359712602913 0.7759703483395739 0.8354541794499476
0 0.8263254652259664 0.9063545359866754 0.810269540068687 0.8483153398625837 0.7954519702858358 0.8612705921317431 0.8115078954431152 0.9193097882558346
0 0.8082280050802997 0.8679417896970979 0.7974992718137968 0.8202585307348631 0.7838180576871322 0.8299873941138246 0.794546790953635 0.8776706530760594
0 0.8222969641238866 0.8266942222126494 0.8119486704352923 0.8009384690321466 0.8047847178281958 0.8100355517078243 0.8151330115167903 0.8357913048883271
0 0.8557151757682995 0.9036459032919105 0.8191839302783306 0.8516903541506189 0.8076774703462238 0.8772602651108551 0.8442087158361927 0.9292158142521466
0 0.8108945256763799 0.8987715756650778 0.7982928766774503 0.8727552680543845 0.764473472072915 0.9245281837452785 0.7770751210718446 0.9505444913559717
0 0.8536507122787367 0.744200145030396 0.8425276625957814 0.7392565673935267 0.8377180786129728 0.7734580534934977 0.8488411282959281 0.7784016311303669
0 0.8227048343840156 0.7976815629776471 0.8192146937947207 0.7728627854537744 0.8126316643905226 0.7757885763000849 0.8161218049798176 0.8006073538239578
0 0.867103195872918 0.7442895355909127 0.85649313800999 0.6986228537949178 0.8382050652554409 0.7120517767837652 0.8488151231183688 0.7577184585797601
0 0.9528320948643954 0.6953107681952255 0.9016973860381674 0.6331118241258957 0.8912439090393665 0.6602729951313275 0.9423786178655944 0.7224719392006573
0 1.0068143096841489 0.7253324951600807 0.9744189976175343 0.6869380512292782 0.9645859248503221 0.7131595786085108 0.9969812369169366 0.7515540225393132
0 0.9825288046856492 0.729556900239999 0.9723162856108264 0.7213043595734757 0.9699209196033058 0.7306729021806677 0.9801334386781286 0.738925442847191
0 0.9702668434943229 0.5637595403481689 0.9640924159152129 0.5418060200668893 0.9519365116188405 0.5526112683303315 0.9581109391979503 0.5745647886116111
0 0.9792427691637122 0.6547795742547484 0.9692148902379066 0.5656428726920117 0.9513576590332988 0.5719921104536486 0.9613855379591044 0.6611288120163852
0 0.889930486912695 0.43141141622417994 0.8830483092460718 0.4001442386770527 0.8643419604246537 0.4131573509006481 0.871224138091277 0.4444245284477753
0 0.8895929049667683 0.3426152001592141 0.8690122381577141 0.27675706637024233 0.8487182672047071 0.2968004944719781 0.8692989340137613 0.36265862826094986
0 1 0.4262070148357773 0.9754765167641967 0.4262070148357773 0.9754765167641967 0.48709373124088834 1 0.48709373124088834
0 1.0047401447036786 0.4068517168607081 0.9964094996861663 0.3715399397261165 0.9856709505605485 0.37954675130785387 0.9940015955780608 0.4148585284424455
0 1 0.32158476974530487 0.9860888141657917 0.32158476974530487 0.9860888141657917 0.37561101106251604 1 0.37561101106251604
0 0.9764653899311637 0.29341394391561526 0.9715692618117912 0.26730126061229714 0.9425542759615212 0.28449532630134733 0.9474504040808938 0.31060800960466545
0 0.9876986408829781 0.27622799713199647 0.9791789754985911 0.2588380628494618 0.960044443840188 0.28846572477215054 0.9685641092245751 0.3058556590546852
0 0.8170110814519189 0.18845523287781793 0.8038569401967547 0.1596735220972876 0.793959695989064 0.17396954150839644 0.8071138372442281 0.20275125228892676
0 0.7945494720462156 0.17001258713004702 0.7865044570849696 0.1495808031014866 0.7591157944804873 0.18366447212039935 0.7671608094417333 0.20409625614895976
0 0.9548516340991801 0.15396667570580502 0.9212156054798737 0.14400044500379053 0.9183213425521666 0.17487258289933952 0.9519573711714729 0.184838813601354
0 1.0024328871693178 0.2045531358928957 0.9996663123119501 0.18487971468494774 0.9828682372805484 0.1923455258100152 0.9856348121379161 0.2120189470179632
0 1.004975735065833 0.16616862256172807 0.9684078361522954 0.12282889051605286 0.9557547123273163 0.1565705540493296 0.9923226112408541 0.1999102860950048
0 0.9054752715969628 0.1382680839718324 0.888096523323423 0.08872866360588007 0.8746247569510401 0.10366510230787698 0.8920035052245798 0.15320452267382934
0 0.9183271788134124 0.14082500268822853 0.9098667777162709 0.09785153679798775 0.8954921533759852 0.10679574749861034 0.9039525544731267 0.14976921338885113
0 1 0.11148272017837248 0.9858476255884827 0.11148272017837248 0.9858476255884827 0.14021095960895302 1 0.14021095960895302
0 1 0.07632278535288586 0.9877771342069546 0.07632278535288586 0.9877771342069546 0.11191149987136623 1 0.11191149987136623
0 1.0003368370059325 0.08267595207353086 0.9992982773083693 0.06176537487391837 0.9932729457171079 0.06271117930251673 0.994311505414671 0.0836217565021292
0 0.8895169078112768 0.055398336334791506 0.8820882996301603 0.028985507246377037 0.8426298483824114 0.06405968613326449 0.8500584565635279 0.09047251522167896
0 0.8780942167899234 0.058451247748906754 0.8688084565635278 0.056092959437441206 0.8655186443690334 0.09703284452448344 0.874804404595429 0.09939113283594898
0 0.8683946710872371 0.010625369953211086 0.8596434082787511 -0.01575524836802236 0.8293090620841187 0.016048282685039342 0.8380603248926047 0.042428901006272786
0 0.29467904720983423 0.05772034328761894 0.29061594733055235 0.021603899916223086 0.27614463269201356 0.026749256232147817 0.28020773257129544 0.06286569960354367
0 0.38266586979485595 0.5966180569694944 0.36994839572773297 0.5629676863112674 0.3485404245798101 0.588538318515731 0.36125789864693303 0.622188689173958
0 0.41582902231208607 0.5936188310770247 0.3684895713355113 0.5324122681982213 0.3566413454404628 0.5613745981638956 0.40398079641703755 0.622581161042699
0 0.1946203309718784 0.549418545829804 0.19036836605280222 0.5166626679346978 0.18277634583559876 0.5197773428956017 0.18702831075467494 0.5525332207907079
0 0.18592580955207977 0.5322997220498693 0.18491281752738206 0.5088883508124111 0.1703053022804806 0.5108859597350643 0.1713182943051783 0.5342973309725224
0 0.30666056244443435 0.7401595374505558 0.28085338467237364 0.7401595374505558 0.28085338467237364 0.7534517079333618 0.30666056244443435 0.7534517079333618
0 0.5708638278124682 0.6435308936422308 0.5576367952851912 0.6262867623474102 0.5399547448458284 0.6691523391701082 0.5531817773731055 0.6863964704649287
0 0.568534447737676 0.6056845483559831 0.5529682995571955 0.5883888281554494 0.5455835931171173 0.6093942153627834 0.5611497412975979 0.6266899355633171
0 0.6399644648584485 0.36115610253463387 0.6374976464556513 0.3341124637484131 0.5882919150597309 0.34829789982651627 0.590758733462528 0.375341538612737
0 0.46040337182888624 0.0020711230768562456 0.44432173900655636 -0.007338102315674345 0.435030975084795 0.04284790450956602 0.4511126079071249 0.052257129902096605
0 0.5096931185999184 0.005574136008918724 0.48243880936400385 0.005574136008918721 0.48243880936400385 0.04373552868536154 0.5096931185999184 0.04373552868536154
0 0.5543130054020794 0.11234027956435987 0.5338119763308162 0.11234027956435987 0.5338119763308162 0.1324929251350656 0.5543130054020794 0.1324929251350656
0 0.5788628394432505 0.1480766067640353 0.5597852183692209 0.10737768180610432 0.5512210469192005 0.12006534321354165 0.57029866799323 0.16076426817147263
0 0.5804965030145693 0.13866084361190328 0.575576133620839 0.11909446239706956 0.5476754367719796 0.14126913387956183 0.5525958061657098 0.16083551509439553
0 0.6492930494811763 1.7270135938613546e-16 0.6320720143907234 -0.00320965528567564 0.6280920382506789 0.06427985464464961 0.6453130733411319 0.06748950993032542
0 0.6796828102221074 0.17108309750450224 0.6340981691107105 0.17108309750450224 0.6340981691107105 0.19638109939113285 0.6796828102221074 0.19638109939113285