1 0.637692889831532 0.06763758754311727 0.5302979667374742 -0.22473616219796544 0.025343941292221353 0.36147240178540074 0.1327388643862792 0.6538461515264834
0 0.1825796684461989 0.3356447999849055 0.15141436355135976 0.28688841188275715 0.14357236380329202 0.3027308356162274 0.17473766869813118 0.3514872237183757
0 0.191691904808193 0.33859484688081554 0.18345944187530885 0.298957062389151 0.17036839304838525 0.30755016110631106 0.1786008559812694 0.3471879455979756
0 0.1538917116885344 0.28385215676185577 0.142411135408627 0.27364720006860455 0.1322812151616497 0.3096646942800786 0.14376179144155712 0.3198696509733298
0 0.07744487659221293 0.8191882829518922 0.0454718892969171 0.8041421712835177 0.03789111978537865 0.8550549936819984 0.06986410708067448 0.8701011053503729
0 0.18669335820255545 0.9187891470834936 0.16619232913129228 0.9187891470834936 0.16619232913129228 0.9458022677420992 0.18669335820255545 0.9458022677420992
0 0.1737118161023121 0.9284970983646443 0.15720972029350308 0.8959003659028004 0.14509699008500268 0.9152807342364017 0.1615990858938117 0.9478774666982456
0 0.08359845721542247 0.8583223998297397 0.07215025967603059 0.8490713311110389 0.0630891682613747 0.8845102664216928 0.07453736580076659 0.8937613351403935
0 0.07563017677551756 0.8344082606036568 0.06286381587312859 0.8253299595175134 0.052501023896335874 0.8713868127477029 0.06526738479872485 0.8804651138338463
0 0.11179549579353087 0.9544631855207312 0.08185287558887014 0.9376532934760091 0.07612996274692904 0.9698711731787881 0.10607258295158978 0.9866810652235102
0 0.10420686476288482 0.9753880665586672 0.07574661264042536 0.9753880665586672 0.07574661264042536 1 0.10420686476288482 1
0 0.3556828009308236 0.8502244815014478 0.33292098960809885 0.8032323548996935 0.32116440896067994 0.8212300832982113 0.3439262202834047 0.8682222098999657
0 0.33951044961811383 0.8450390398885703 0.3293805293711367 0.8450390398885703 0.3293805293711367 0.8746248387051384 0.33951044961811383 0.8746248387051384
0 0.3152796949261608 0.8959281277361603 0.3071228997465123 0.8833185892941913 0.2886118711543376 0.9211633588604147 0.29676866633398613 0.9337728973023837
0 0.3059852373721658 0.9355115551102493 0.2837958882597398 0.9355115551102493 0.2837958882597398 1 0.3059852373721658 1
0 0.3063825940669107 0.9211493731832187 0.2870315212157259 0.910170041069071 0.28351327945839 0.9297679507099339 0.30286435230957487 0.9407472828240816
0 0.33117860376489516 0.9050802412810925 0.32518953909239134 0.9026231891077576 0.3203034379138734 0.9402642648533764 0.3262925025863772 0.9427213170267115
0 0.3567021191464889 0.9677780339073495 0.34759615413787903 0.936339726373598 0.31240020376228916 0.9685589048268741 0.32150616877089905 0.9999972123606258
0 0.42518063227826286 0.9571220516371337 0.41483428979782117 0.9323308155487326 0.40717177725817344 0.9424376421243255 0.41751811973861513 0.9672288782127265
0 0.5385392488925003 0.8114227119578613 0.5252256394250446 0.7995883924312339 0.5135521122832901 0.841094266713028 0.5268657217507458 0.8529285862396552
0 0.5642153277598946 0.9909381283908267 0.5407581838037426 0.9422862742595505 0.5285824169186507 0.9608398237987389 0.5520395608748027 1.0094916779300152
0 0.7319224475528687 0.6887172691425862 0.7260975158744634 0.6700774877716886 0.699168583681522 0.69667396401163 0.7049935153599274 0.7153137453825276
0 0.7671313352826652 0.695056302752058 0.7318407221100226 0.6671723614798466 0.7256145757432011 0.6920769469471326 0.7609051889158437 0.719960888219344
0 0.9242573394275122 0.4973019810053432 0.9172498836083126 0.4516237504801866 0.9070253432271606 0.45658110339226 0.9140327990463601 0.5022593339174164
0 0.938333475858614 0.48100505436625013 0.9214502754469855 0.48100505436625013 0.9214502754469855 0.4994425811649809 0.938333475858614 0.4994425811649809
0 0.9340539794205209 0.023647389794132796 0.91576633578881 -0.013508457584581536 0.9025671308146621 0.007023639041870903 0.9208547744463731 0.04417948642058524
0 0.6268425695221784 0.03461676928615604 0.6234380855167312 -0.0032108307743680983 0.6119336537675548 0.00006154092317545157 0.6153381377730021 0.03788914098369959
0 0.6379865200935433 0.09680570717359889 0.6271167375891449 0.06975202627376485 0.6077923176585379 0.09429097221739428 0.6186621001629362 0.12134465311722832
0 0.7526145254068453 0.08964793888900038 0.7432638297942518 0.06471275058874859 0.7227813536904737 0.08898827782285373 0.7321320493030673 0.11392346612310551
0 0.7538241788868875 0.0429637252379726 0.7426330288997508 0.03301603636051789 0.732696059514621 0.06834748306320214 0.7438872095017577 0.07829517194065685
0 0.3722099427316661 0.11272870352154257 0.36127984391055823 0.09005886892961465 0.3564532348517043 0.09741370178120132 0.3673833336728122 0.12008353637312924
0 0.4234749126952574 0.00046013118391760897 0.4074505248178728 -0.002817226415390136 0.40307960169648765 0.0647266112210579 0.41910398957387224 0.06800396882036565
0 0.4215379883032197 0.12802156118001273 0.40929516365055185 0.10444278777487456 0.39248593801023857 0.13202715805641432 0.4047287626629064 0.15560593146155247
0 0.39968885278261057 0.6388435917881052 0.38594110387599884 0.6208348446823682 0.3806245628487104 0.6336620547799529 0.3943723117553221 0.65167080188569