1 0.551353093766461 0.7775383430365843 0.29925877377121035 0.23973712704671732 0.16626914939952805 0.4367587927825434 0.4183634693947787 0.9745600087724104
1 0.640806225221282 0.2142011463049903 0.5994830006526491 0.012176492858339907 0.17643243838024897 0.2856637250344364 0.21775566294888188 0.4876883784810867
0 0.12298098362061563 0.08151959523196978 0.11274976417116876 0.07892119029242774 0.11176089100420197 0.09122716748134806 0.12199211045364884 0.0938255724208901
0 0.11916055655604144 0.12263099219620956 0.08213810993911323 0.0568133093216705 0.06863154960981042 0.08082497212931992 0.10565399622673864 0.14664265500385898
0 0.09736313307164957 0.09034005543214947 0.09217169884547116 0.05233739965881726 0.08353325269151594 0.05606701450623919 0.08872468691769436 0.09406967027957142
0 0.1738885401973568 0.16233847573254784 0.14138550177573925 0.07024653353796473 0.1272423366719006 0.08602278742285661 0.15974537509351816 0.17811472961743974
0 0.20580861637443312 0.055413582221300633 0.1867439134405318 -0.008263809396309293 0.17252987313683998 0.005186035192130234 0.19159457607074132 0.06886342680974017
0 0.1842609941540337 0.0188865319489413 0.17634272765370126 -0.006451920852122785 0.1691343747016744 0.0006674400881505863 0.17705264120200684 0.02600589288921467
0 0.2426349205748673 0.06570418236757011 0.21734984513486372 0.027174543601850305 0.21023336334791173 0.04193465397478772 0.2355184387879153 0.08046429274050754
0 0.2501259540348168 4.8575007509844224e-17 0.19609971271760557 4.269384630992554e-17 0.19609971271760557 0.03001457850956181 0.2501259540348168 0.030014578509561813
0 0.23300156504587927 0.021438984649687028 0.22287164479890217 0.021438984649687028 0.22287164479890217 0.04030529114141156 0.23300156504587927 0.04030529114141156
0 0.08483087499417173 0.3067721835445528 0.06217216332060198 0.2979833499257136 0.058840427391199046 0.3251308278689967 0.0814991390647688 0.3339196614878359
0 0.1408377929358251 0.31115308844726525 0.12571077067931258 0.30487817551123036 0.1237057794397019 0.32015429924159744 0.13883280169621443 0.32642921217763227
0 0.15268576880198945 0.29071263184975543 0.11626629362833371 0.29071263184975543 0.11626629362833371 0.31129405711345487 0.15268576880198945 0.31129405711345487
0 0.16457083261018707 0.29984806195957026 0.16273277534471806 0.2750138660172331 0.15503378639497495 0.27681479910489226 0.15687184366044396 0.3016489950472294
0 0.2381677909507876 0.23220787081075794 0.229905884590331 0.20483509014177056 0.2142848858327029 0.2197364222899687 0.22254679219315945 0.24710920295895603
0 0.0262092092978854 0.40680028412722274 0.0014694300304353008 0.3985536910380727 -0.0008487107484551476 0.42053309990458954 0.023891068518994953 0.4287796929937396
0 0.03486182967769144 0.3833093767431466 0.0272685936970172 0.38096170958003955 0.02189075224479939 0.4359351999804883 0.02948398822547363 0.4382828671435953
0 0.07262455273081443 0.3956766947905863 0.04040549306444806 0.3936063937678479 0.03850552987187157 0.48705643523975783 0.07072458953823794 0.48912673626249625
0 0.1416423080670765 0.3808502800515592 0.09079603583804602 0.3746870955389494 0.08933253579208172 0.41284650414483337 0.1401788080211122 0.4190096886574432
0 0.20522847672741623 0.46341444915388474 0.19526742289091453 0.4402949661753375 0.17236930278097568 0.47147538504844566 0.18233035661747737 0.49459486802699293
0 0.2279224173590196 0.462754178079773 0.20130654847480528 0.4509249030201221 0.1990649134621689 0.46686541866553644 0.22568078234638322 0.47869469372518725
0 0.10953399621066573 0.4925370400525771 0.09340276546494167 0.49101432800578304 0.09134186039857389 0.5600164828204667 0.10747309114429796 0.5615391948672607
0 0.12710599049098234 0.5140191176393425 0.10784767528294506 0.5073926005785125 0.10201415336395941 0.5609745796862327 0.1212724685719967 0.5676010967470626
0 0.14624437041834104 0.42191182515251224 0.13326177148112334 0.4120203212003463 0.11940174513335045 0.4695137638281448 0.13238434407056818 0.4794052677803108
0 0.14838630469782355 0.48786954091857976 0.14583058412844455 0.4569169251338784 0.1074933646633967 0.4669213371451446 0.11004908523277572 0.497873952929846
0 0.1375302381448718 0.49514537400804376 0.11100304069063363 0.487039841452582 0.10814360912256094 0.516616184136485 0.1346708065767991 0.5247217166919467
0 0.24286902383593006 0.5635464390270575 0.22626590325631057 0.5316788958889875 0.18954662788130813 0.5921419649946382 0.20614974846092762 0.6240095081327083
0 0.10819867121654912 0.6218509985749094 0.0862152808892409 0.6128321717739625 0.07280898996848233 0.7161102647931399 0.09479238029579055 0.7251290915940868
0 0.11246936454000424 0.6360628344800002 0.10303674196207883 0.6343859237994802 0.10141528608096209 0.6632118061304456 0.1108479086588875 0.6648887168109656
0 0.1800308784434792 0.7060689982193027 0.1758597348123709 0.6726998491704369 0.1408732035391979 0.6865216886857647 0.14504434717030618 0.7198908377346305
0 0.19613386415919187 0.724562894498044 0.17736649905993712 0.6820504402230297 0.1608367469362659 0.7051130479680113 0.17960411203552065 0.7476255022430256
0 0.10646397451602602 0.7372422415187045 0.10537584558592511 0.7138906492409831 0.04806796516059202 0.7223304685804142 0.049156094090692944 0.7456820608581356
0 0.06533729572468436 0.7222433074282469 0.06362031961493032 0.6917192876992867 0.05275489360744663 0.693650918989506 0.054471869717200666 0.7241749387184663
0 0.06294042921839302 0.7697210551110865 0.04983365910669646 0.7337987962864366 0.03926253116919731 0.7459889257999491 0.05236930128089387 0.781911184624599
0 0.020247265704880862 0.7808342073842457 0.00953107168536807 0.7474949371013169 -0.002832625846839909 0.7600548838007027 0.007883568172672883 0.7933941540836315
0 0.17048548580739217 0.781751157202694 0.13208826429980255 0.7476202936403928 0.12321252465483232 0.779178479044732 0.16160974616242194 0.8133093426070332
0 0.01038450818969219 0.9153589095395436 6.31148380872605e-17 0.9153589095395436 6.392710784003944e-17 0.9389417926541993 0.010384508189692191 0.9389417926541993
0 0.05361649300155613 0.9186910691740366 0.03611607386785046 0.9054397229987203 0.01411029411673198 0.997289934133824 0.031610713250437655 1.0105412803091403
0 0.13420814248392005 0.9300263880515407 0.11554272789640678 0.8184546989229584 0.08161110764864586 0.8363955556056826 0.10027652223615914 0.9479672447342649
0 0.3529580111957979 0.789994963537555 0.3420331267862664 0.7849482977735719 0.3324749402936664 0.8503430282549291 0.3433998247031979 0.8553896940189121
0 0.47090998359184877 0.9024955187497314 0.4598153090356358 0.9024955187497314 0.4598153090356358 0.9295086394083371 0.47090998359184877 0.9295086394083371
0 0.6706116458296908 0.9784820951443017 0.6316456259188374 0.9189417304687644 0.616745426316728 0.9497609467397942 0.6557114462275814 1.0093013114153315
0 0.6684916837885431 0.971957829014717 0.6599053704363432 0.9414287148735627 0.6520908605315323 0.9483749459000617 0.6606771738837323 0.9789040600412157
0 0.680208344655119 0.9344591767351216 0.6410662407488115 0.8941725668666414 0.6298319570368534 0.9286697612952811 0.6689740609431609 0.9689563711637612
0 0.6812192226181433 0.9117174119278775 0.6723216527661755 0.8778219077299054 0.6520802975281466 0.8946147357792336 0.6609778673801143 0.9285102399772056
0 0.7031123299488888 0.8658908084193234 0.6581233368730361 0.8471367760566691 0.6540739654034442 0.8778378930810263 0.6990629584792969 0.8965919254436806
0 0.716004013227262 0.8492524071359511 0.698572905179634 0.8208461569842598 0.6872197492801914 0.8428643987286324 0.7046508573278194 0.8712706488803237
0 0.689716278591733 0.8197410380019399 0.6696976266750878 0.8197410380019399 0.6696976266750878 0.86905070269622 0.689716278591733 0.86905070269622
0 0.7806576909699933 0.9230503301014521 0.7736426882183595 0.8823551094603954 0.7661498395600524 0.8864372348943118 0.7731648423116863 0.9271324555353685
0 0.8055046488236433 0.8491564996801952 0.7841478958959001 0.8349186643950334 0.7694585203518493 0.9045571854927563 0.7908152732795924 0.9187950207779182
0 0.8558469824189433 0.8922048061178818 0.8399285363165507 0.8922048061178818 0.8399285363165507 0.9908241355064418 0.8558469824189433 0.9908241355064418
0 0.9178843697371157 0.7943477982533066 0.9175439859553239 0.7556196879694531 0.907262064510736 0.7559052968984695 0.9076024482925278 0.794633407182323
0 0.9736627786628331 0.6526712922532235 0.9680286134968953 0.6451590720319733 0.9587959147575078 0.6670439875623738 0.9644300799234456 0.674556207783624
0 0.8683887884390102 0.4522768149356695 0.8442699307081124 0.4522768149356695 0.8442699307081124 0.4732870198923628 0.8683887884390102 0.4732870198923628
0 0.9890905373507163 0.5374086880406543 0.9704879728236181 0.5341015654580591 0.9680474309819371 0.5774889759768315 0.9866499955090353 0.5807960985594267
0 0.9386342454621467 0.30098786490810964 0.9374861649183767 0.2417979346515201 0.9248346496048306 0.2425735064715076 0.9259827301486007 0.30176343672809713
0 0.8594648110785781 0.19629534312540123 0.8420992335123315 0.18600463049355126 0.8321622641272014 0.2390018005475774 0.849527841693448 0.24929251317942736
0 0.8814071442386726 0.2373453871832337 0.8614930613293708 0.21816886290020263 0.8562995752123365 0.235214150668931 0.8762136581216383 0.25439067495196205
0 0.8456263179547607 0.1955396719832933 0.8444442551253752 0.17452522168310508 0.8285640171144377 0.17734837510727158 0.8297460799438232 0.1983628254074598
0 0.9791859970832089 0.33035761011514675 0.977029771202066 0.30352457692759854 0.9581205867410423 0.3083269094891296 0.9602768126221851 0.3351599426766778
0 0.9227436212225243 0.07877889618919366 0.8996547478855885 0.01962308999260011 0.8835172182034136 0.039529702571065445 0.9066060915403493 0.098685508767659
0 1 0.13635194237200937 0.9916361514438983 0.13635194237200937 0.9916361514438983 0.1582197067146901 1 0.1582197067146901
0 0.26148065047525487 0.111097864913073 0.25698395417049913 0.09377725692438449 0.24716463774991018 0.10183413193614986 0.2516613340546659 0.11915473992483837
0 0.29352348011068713 0.060883307575214776 0.28894152252274297 0.04284639516552999 0.2651732950312865 0.06192912978232661 0.26975525261923067 0.0799660421920114
0 0.25943584195153285 0.2021267512028442 0.24713522450877495 0.2021267512028442 0.24713522450877495 0.2351427875633622 0.25943584195153285 0.2351427875633622
0 0.3346640208285324 0.22471733590844234 0.3074155313943544 0.21808147851199106 0.30435102815936205 0.25785192049500255 0.33159951759354006 0.2644877778914539
0 0.3625766085962419 0.22382601460505328 0.33639500829675406 0.22307528771474538 0.3362413250680396 0.24001459470193628 0.36242292536752746 0.2407653215922442
0 0.37749765054427786 0.2597976199105021 0.3656885117118853 0.22200837564684633 0.36022081217156954 0.22740857272370152 0.3720299510039621 0.2651978169873573