1 0.48159771659027384 0.4185353529548165 0.3857437195215335 -0.007482411795152879 0.27371079342929755 0.07218544675932373 0.3695647904980378 0.49820321150929303
1 0.45240220220838484 0.847984997679272 0.34464349333175215 0.6186106393573119 0.27756949342938303 0.7182008531956572 0.3853282023060157 0.9475752115176174
0 0.06708177730593042 0.2947777503470937 0.050560150999234804 0.28163774345989717 0.03505365999715068 0.3432583090106628 0.05157528630384629 0.3563983158978593
0 0.1943960060453318 0.4743160645456573 0.19413468408808257 0.4563525996325261 0.15590275691331215 0.458110389387688 0.15616407887056138 0.47607385430081917
0 0.16903686733315962 0.5539761936547731 0.16111083164995738 0.5320852379583099 0.1260535481048958 0.5722018740456345 0.13397958378809804 0.5940928297420978
0 0.030290655606157388 0.7301969880125155 0.011251432498771571 0.7247813867730812 0.009917934342791784 0.7395980329506341 0.0289571574501776 0.7450136341900684
0 0.4732865734755761 0.7667083106075183 0.4628860514101545 0.743596039351027 0.4546797571334224 0.7552672134334909 0.46508027919884404 0.7783794846899823
0 0.5284069385443608 0.8999388531114243 0.5193998962382163 0.8956688478699932 0.5164976270506813 0.9150173091202297 0.5255046693568258 0.9192873143616604
0 0.5396146886804118 0.8984452495893469 0.5294842223460899 0.8513429103938669 0.5223854509212631 0.8561682190747949 0.532515917255585 0.9032705582702749
0 0.6978943913288979 0.9039797561485562 0.680009330673063 0.8562862610663293 0.6706586350604687 0.867368566977552 0.6885436957163036 0.9150620620597789
0 0.7267269666085218 0.91651108181409 0.7175722193761692 0.8946876439672695 0.6829045114880302 0.9406501041428812 0.6920592587203828 0.9624735419897016
0 0.7737982919047826 0.9054442037153974 0.7518909478981328 0.9005759050472515 0.7490857392143537 0.9404722063276536 0.7709930832210036 0.9453405049957992
0 0.7815126157851722 0.8008747315102154 0.7598056438273642 0.8008747315102154 0.7598056438273642 0.867335583924245 0.7815126157851722 0.867335583924245
0 0.6142780221693718 0.7655795766344236 0.6015321335069672 0.6824952653535594 0.5824708147125633 0.6917371168902395 0.595216703374968 0.7748214281711037
0 0.9081704628764917 0.9952729839387681 0.8932345305992545 0.9733669499321534 0.8880250725962402 0.984592718019457 0.9029610048734774 1.0064987520260715
0 0.8443905249967669 0.47049995188790283 0.8332958504405532 0.4507760860101906 0.8085740212663836 0.4947260045420498 0.8196686958225973 0.5144498704197621
0 0.7647924529015607 0.4430370992689213 0.7434139272557201 0.36635778701093513 0.7299631328175773 0.37821008124048716 0.7513416584634179 0.45488939349847335
0 0.7629477959175197 0.41322829185992904 0.7572216464183046 0.3894753754187413 0.7505556931523341 0.39455419695471905 0.7562818426515492 0.41830711339590676
0 0.8003853749343324 0.30796631622536297 0.7686484877494069 0.26282941000680243 0.739894103215595 0.3267280423041622 0.7716309904005205 0.3718649485227227
0 0.9256187421793444 0.37745881668502307 0.9213292260855438 0.33678784927713373 0.9099997339710449 0.34056434664863316 0.9142892500648455 0.3812353140565225
0 0.9920933702647182 0.3368611723075661 0.991737086076501 0.3115254078121209 0.9677116305429372 0.3125932058358349 0.9680679147311544 0.3379289703312801
0 0.9191087540040069 0.14565201664534655 0.9079182822272809 0.13272080481446322 0.8751420686036615 0.22236514976795232 0.8863325403803877 0.23529636159883566
0 0.9759733652334535 0.21918360444593937 0.9630408337181465 0.21589915199760668 0.9596063083772659 0.2586399117952226 0.9725388398925728 0.2619243642435553
0 0.9759719518991147 0.216784186056916 0.9678260765412751 0.16754689500508382 0.9545983424972052 0.17446335725034878 0.9627442178550448 0.22370064830218095
0 0.8236297543807094 0.046357681423284745 0.8180360346838896 -0.003364271437335494 0.8044923684196162 0.0014512543455172573 0.810086088116436 0.051173207206137494
0 0.9784116463222436 0.06146009363000853 0.9382229492966758 0.00928001259806018 0.9191768755242293 0.05564173747321169 0.9593655725497974 0.10782181850516004
0 0.2691835710683127 0.18365623742521078 0.26184401713112554 0.07927147031855025 0.24308325640998404 0.08344052825658171 0.2504228103471712 0.18782529536324227
0 0.2906632235523745 0.06149284759785502 0.2890491153811529 0.03471060831239989 0.22349205269832 0.047197667871034715 0.22510616086954166 0.07397990715648985
0 0.2727961981373346 0.37161929201866845 0.25932559908691083 0.35753239105090506 0.24085514222821042 0.41335421622386637 0.25432574127863417 0.42744111719162975
0 0.294819361577749 0.4120799280055185 0.2789986516880484 0.3743503217644979 0.26401098028869624 0.3942127711341443 0.2798316901783969 0.43194237737516494
0 0.3134507826957552 0.629869410428167 0.2861694132779962 0.6173532266092666 0.2805408954543564 0.6561274605054517 0.3078222648721154 0.6686436443243521
0 0.41389300391600614 0.5732784442985027 0.4064161580194278 0.5466941033328907 0.37824533218973916 0.5717348374037252 0.3857221780863175 0.5983191783693371
0 0.43053899411861124 0.4981721555591416 0.419540297697286 0.48206948890308393 0.39738675389942957 0.5298930120222661 0.4083854503207548 0.5459956786783239
0 0.4593656724118741 0.44858077278565545 0.43827749648725245 0.430822308849132 0.4238241891406848 0.48506682037205273 0.44491236506530646 0.5028252843085761
0 0.4980573741800903 0.5130574415198335 0.4872163206020782 0.4696932272077863 0.47430402903542335 0.47989553165551374 0.4851450826134355 0.523259745967561
0 0.4791396769006663 0.5200390753635777 0.4784997180717362 0.49159646074446417 0.449420312524779 0.49366432958335893 0.4500602713537091 0.5221069442024724
0 0.468956356115646 0.3653631711658386 0.45520860720903433 0.3572163569989573 0.44570577726306027 0.40789811671081716 0.45945352616967194 0.4160449308776985
0 0.46478775847193726 0.17255974232004168 0.4543307468666917 0.12298576137665594 0.4407448916626572 0.13204299817934576 0.4512019032679027 0.18161697912273148
0 0.6297017128423968 0.3538884050311325 0.611838268946843 0.33678835617385006 0.6058129799926012 0.3566813736735688 0.623676423888155 0.3737814225308513
0 0.7171228554340252 0.38238134904718807 0.7138555681413448 0.3646141397170566 0.6874310346423329 0.3799719882463967 0.6906983219350133 0.3977391975765282
0 0.7331788240997097 0.2703258814432961 0.724805883415903 0.22939150476690845 0.7088874373135104 0.23968221739875842 0.7172603779973172 0.2806165940751461
0 0.611561527997753 0.5041807386380731 0.5809884561640595 0.48434955690810966 0.5777990530481959 0.49988969390063015 0.6083721248818894 0.5197208756305937