1 0.5159856638453527 0.6681769461316006 0.38733282096012667 0.24817089743963017 0.3464966825416776 0.28770423276222107 0.4751495254269036 0.7077102814541916
0 0.014967091158562717 0.0004287796929937412 2.9537081919234447e-20 0.00042877969299373955 7.679641299000956e-19 0.021867764342680715 0.014967091158562717 0.02186776434268072
0 0.1678000785848074 0.06001427529442095 0.1477306776616568 -0.00777570115710988 0.13431096614761057 0.00478075406071115 0.1543803670707612 0.07257073051224198
0 0.018721422938983785 0.05348840155678089 0.00035236388781343525 0.027511954413711716 -0.009114726504344584 0.04867015008380457 0.009254332546825766 0.07464659722687375
0 0.032976972484442035 0.23169866857678223 0.01860453515477524 0.20281492978865956 0.003622020826238914 0.22637717454464829 0.01799445815590571 0.25526091333277096
0 0.19382352161438093 0.24897922969394118 0.1867374763670141 0.22082030478937253 0.165588313882867 0.23764069132647206 0.17267435913023377 0.26579961623104065
0 0.012072828230855004 0.3829002658434094 2.662767935018985e-17 0.3829002658434094 2.7661477217363058e-17 0.41291484435297116 0.012072828230855004 0.41291484435297116
0 0.2118870428819979 0.6835093632247449 0.20323015354341784 0.6615236125235894 0.16209859817817543 0.712709548089225 0.17075548751675548 0.7346952987903804
0 0.09377824516877831 0.8353483017994123 0.0764681721827074 0.8244286858655469 0.055513298431775965 0.9294147200116277 0.07282337141784687 0.9403343359454932
0 0.3257757217973368 0.7196114768284878 0.2739911620550708 0.62926546783715 0.2195558410217698 0.727876851087349 0.27134040076403587 0.8182228600786869
0 0.9227044560489923 0.19406568904896726 0.8598989505177345 0.13823857302118162 0.8419062826504843 0.2022125032158477 0.9047117881817421 0.25803961924363333
0 0.9523224133425348 2.0599584699854454e-16 0.9378510987039961 2.0442053596285207e-16 0.9378510987039961 0.016293628333762307 0.9523224133425348 0.01629362833376231
0 0.9621183801747766 0.0261885443259251 0.9246599388219436 -0.018206645425580606 0.9165708449983501 0.003364271437335395 0.954029286351183 0.0477594611888411
0 0.3222930745773475 0.23056318369504084 0.29317146373158826 0.21207327204693993 0.2883149516545523 0.23624790994151917 0.31743656250031155 0.2547378215896201
0 0.32542828293161696 0.20414578865026792 0.3054571189213847 0.1432812888095609 0.29425497173486825 0.15489833033631886 0.3142261357451005 0.2157628301770259
0 0.36808521318272563 0.15679035609720124 0.3667870680041417 0.062169996413749824 0.3522655654927979 0.06279965505922815 0.35356371067138187 0.15742001474267958
0 0.4848559168887303 0.020929425603261276 0.4810727655289217 -0.0012650623742826007 0.46191440020299757 0.009055942515104122 0.4656975515628062 0.031250430492648
0 0.48199826057306666 0.10296854303844899 0.46708615301737716 0.06440794168232229 0.45696263034539497 0.07678113605918939 0.4718747379010845 0.11534173741531609
0 0.5608808946535384 0.10415297931683146 0.5530549339700994 0.08268748715654167 0.5324823229714002 0.10639255332788251 0.5403082836548392 0.12785804548817228
0 0.6038505405239176 0.19699112980608616 0.5892126003382792 0.16387094191130785 0.5791146356756773 0.17797603540827536 0.5937525758613158 0.21109622330305366
0 0.5999194649436878 0.23756585836999872 0.5849111976330378 0.2278635441489723 0.5789184537121634 0.2571614033176905 0.5939267210228134 0.2668637175387169
0 0.697035907986371 0.09718231554814934 0.6954704003282329 0.06749565180864087 0.6679305406276049 0.0720856284254119 0.669496048285743 0.10177229216492037
0 0.7104482500066744 0.18127365721536107 0.6942199558049651 0.1707826387415286 0.6691433857670882 0.2933792033711471 0.6853716799687976 0.3038702218449796
0 0.6644786884758682 0.46492411837786957 0.6486177096879249 0.42106165851985233 0.6262368028606686 0.44663983775100174 0.642097781648612 0.49050229760901903
0 0.6843136191296538 0.5694194322956863 0.670565870223042 0.5694194322956863 0.670565870223042 0.614441300060029 0.6843136191296538 0.614441300060029
0 0.6724328179818706 0.6066354608708526 0.6708506867682601 0.5827277003096284 0.6609430222068576 0.5847998915904447 0.6625251534204681 0.6087076521516689