1 0.5726532621547115 0.576003996836968 0.17901532942210163 0.47320521203554416 0.1572506059560872 0.7366059949592887 0.550888538688697 0.8394047797607125
0 0.08277905642188389 0.02574184605810302 0.06325815998163692 -0.002505445948455926 0.0269268747757415 0.07684669443775373 0.046447771215988476 0.10509398644431268
0 0.0781353214756719 0.09038960089998059 0.06710355575074753 0.05710858376350842 0.05588911465366014 0.06885704586521903 0.06692088037858451 0.1021380630016912
0 0.06653846259979737 0.10986099896328703 0.06487879862722569 0.0803558616731238 0.04790007798695997 0.08337430089805992 0.04955974195953165 0.11287943818822316
0 0.03063470114055398 0.17420461366949655 0.018015714775748218 0.14429294228625322 -0.011745883714947253 0.1839750736071805 0.0008731026498585079 0.21388674499042382
0 0.0839711431266615 0.3120229825915443 0.06219181459566073 0.29911671383243277 0.05734392419175026 0.3249721293199552 0.07912325272275103 0.3378783980790668
0 0.10681170139782173 0.31969813909613226 0.0956205514106851 0.2799073835863132 0.07159816911071086 0.3012606122974014 0.0827893190978475 0.3410513678072205
0 0.038788683118272785 0.4195646554864927 0.029593496056535884 0.3911350916241177 -0.005966116223505014 0.4274849175103818 0.0032290708382318872 0.4559144813727568
0 0.2177567343783378 0.8735516208936807 0.20278163531500581 0.8088972249377074 0.18961973203552623 0.818532082240333 0.2045948310988582 0.8831864781963062
0 0.23043077856303307 0.8006880862320886 0.21132296821481356 0.7980750523383149 0.20740861948072245 0.8885400008595294 0.22651642982894196 0.891153034753303
0 0.4403102410246319 0.9557146453507193 0.43455009029595865 0.9147535735023761 0.3926116529709386 0.9333928789801627 0.3983718036996119 0.9743539508285058
0 0.45271471143126635 0.9491124469720111 0.4338055269702424 0.923900201023979 0.4268014106851897 0.9405025507366965 0.44571059514621364 0.9657147966847286
0 0.66063492099603 0.9891248575926144 0.6541722218202143 0.9451947682532613 0.5836383949023515 0.9779895125248935 0.5901010940781672 1.0219196018642467
0 0.6495838751528141 0.9397352004254509 0.6411085457474995 0.9224629844016119 0.6253082758477678 0.9469664762555693 0.6337836052530824 0.9642386922794083
0 0.8870051921725934 0.944259332784157 0.8834201991762752 0.8876961099533557 0.8306851317335552 0.8982596289403164 0.8342701247298734 0.9548228517711177
0 0.9283421029363559 0.48415071373158103 0.9014316235303401 0.44413000076878845 0.8445886774507217 0.5649303357323708 0.8714991568567375 0.6049510486951635
0 0.28122269544756007 0.7400408470395378 0.2290278064192273 0.683292684863646 0.2168357999682595 0.7187337126250181 0.2690306889965922 0.7754818748009096
0 0.6512707840383238 0.7178629934148817 0.604239011463073 0.7178629934148817 0.604239011463073 0.7530229282403682 0.6512707840383238 0.7530229282403682
0 0.647460004516842 0.7214647428360289 0.623148195924097 0.635022756728491 0.6087733567164818 0.6478003915797044 0.6330851653092269 0.7342423776872423