1 0.43595959382478644 0.1735079287102846 0.29085500925976665 -0.04146182620085491 0.0359924893847742 0.502244882865798 0.18109707394979402 0.7172146377769375
0 0.015931845467798633 1.762014565848652e-18 3.839820649500478e-19 2.771380525755302e-20 1.8165305380329187e-18 0.041591630220392736 0.015931845467798633 0.041591630220392736
0 0.05114537775490949 9.165976433603419e-18 0.033056234456736104 7.19683763898779e-18 0.033056234456736104 0.01715118771974959 0.05114537775490949 0.01715118771974959
0 0.06416956092959433 1.213281221749097e-17 0.04680398336334788 1.0242438974659963e-17 0.04680398336334788 0.023582883114655687 0.06416956092959433 0.023582883114655687
0 0.09088777852424133 0.017506943796905972 0.0891731278523679 -0.005355065161406519 0.05953536992453099 0.0016701811622288837 0.06125002059640442 0.024532190120541378
0 0.06642708226876891 0.03142248699111701 0.040691189224680575 0.015947309474410285 0.03450762521819042 0.048448360870841624 0.06024351826227876 0.06392353838754834
0 0.08679304948117651 0.035760226395677906 0.07540894863219273 0.025641025641025644 0.06744972558099643 0.05394048537861246 0.07883382642998021 0.06405968613326472
0 0.11831477746965302 0.04957484330042775 0.07859575063725496 0.003739241185847527 0.07176266619669881 0.02245327424827157 0.11148169302909688 0.0682888763628518
0 0.11023657919560922 2.16109336155742e-17 0.08828841866049218 1.9221711878107235e-17 0.08828841866049218 0.03515993482548666 0.11023657919560922 0.03515993482548666
0 0.1574687238197013 0.011728773756044161 0.10932006260183509 0.0010290712631849971 0.10645548442210384 0.041769738708251694 0.15460414563997005 0.052469441201110856
0 0.14078661860772346 0.05514682211231941 0.1402603189326371 0.03175572544181429 0.12260462156013881 0.03301124169941419 0.12313092123522518 0.05640233836991931
0 0.13611164272821002 0.064036887603247 0.1260804333184828 0.03379787952754752 0.10141743062658301 0.059655386623328525 0.11144864003631023 0.08989439469902799
0 0.1716268135515423 0.06224462071102562 0.15668275553893438 0.054787157063408407 0.15012517874485837 0.09631847675922313 0.1650692367574663 0.10377594040684034
0 0.1181575447483358 0.10286572689986362 0.0985963194438283 0.09996776759549225 0.09367440909722666 0.20496852165633153 0.11323563440173418 0.2078664809607029
0 0.04984295943744101 0.15255981476717273 0.006321820598576611 0.11387435802151494 -0.0028915830546264593 0.14663312656623648 0.04062955578423794 0.1853185833118943
0 0.10102765122349382 0.14771217798157626 0.08802849738454213 0.10217769342307552 0.018387615250582984 0.16501157204018152 0.03138676908953468 0.21054605659868225
0 0.08961495583569169 0.2296115255981469 0.05838103507417863 0.17408455535545808 0.0408948632192779 0.20517108309750443 0.07212878398079095 0.26069805334019325
0 0.12699245688187719 0.16378648169883608 0.11073241322363929 0.16123588661519095 0.10994922319105571 0.1770157154198378 0.12620926684929362 0.17956631050348293
0 0.1570617096315474 0.16586173571464227 0.1536956867218556 0.09350924327197468 0.13926325206116386 0.09563130551114071 0.14262927497085565 0.16798379795380833
0 0.20371641561471743 0.12902585282554296 0.20093093035409132 0.09560002969802966 0.16282863877123815 0.10563520114371938 0.16561412403186426 0.13906102427123268
0 0.21603673157731537 0.14660307533989053 0.20343555606129568 0.1073994181789396 0.19242251456201795 0.1185872698607453 0.20502369007803764 0.15779092702169625
0 0.11687976675131477 0.28380330450365526 0.10446975681159161 0.253636568323648 0.06175109410388709 0.30917791419900514 0.07416110404361026 0.3393446503790124
0 0.09917027976613847 0.3368190600140235 0.07669717938629016 0.3268310154007575 0.07404410503589136 0.345697321892482 0.09651720541573967 0.355685366505748
0 0.16589245712211798 0.25301508548431784 0.15805807152229343 0.21707238452454913 0.12293058205599675 0.2412713217124423 0.1307649676558213 0.277214022672211
0 0.17457936962302942 0.25354043469485116 0.16292134436829042 0.2382691033670059 0.15186997117245601 0.26493273393473327 0.163527996427195 0.28020406526257857
0 0.1864521696252464 0.3100077180344737 0.1676394605951461 0.3100077180344737 0.1676394605951461 0.3318754823771544 0.1864521696252464 0.3318754823771544
0 0.09647335781422671 0.37547185991686505 0.08381869374289071 0.3712536385597531 0.07662672341120941 0.4394441720749536 0.08928138748254541 0.44366239343206565
0 0.11550799674127422 0.4228659634679699 0.11078841866049222 0.3767189777892117 0.09412711173998796 0.38210445073321303 0.09884668982076997 0.42825143641197116
0 0.1219718012253814 0.3715886512879687 0.08803622736348352 0.3486370554393421 0.08291149907257635 0.37258499208764484 0.11684707293447423 0.3955365879362714
0 0.14710233171513173 0.3858226645318831 0.11923066343100763 0.37044519237512497 0.11543547484142122 0.39218553195003963 0.14330714312554532 0.40756300410679774
0 0.1580912304463848 0.36890186998390795 0.1315321118156549 0.357097817259139 0.12849597325423598 0.3786881359181179 0.15505509188496586 0.3904921886428869
0 0.20969161669734085 0.35744394530090423 0.17813301900483508 0.3253844174862956 0.1716914286939369 0.34542492067575686 0.20325002638644266 0.3774844484903655
0 0.16062578214348855 0.5256004243780604 0.15858848570949372 0.4712725194715307 0.13840228243604535 0.4736649583780134 0.1404395788700402 0.5279928632845432
0 0.22689036798568557 0.5670727326245717 0.19809440743805284 0.4954027863726858 0.18086897999105347 0.5172763450355421 0.2096649405386862 0.588946291287428
0 0.09180949545530384 0.6091055115022298 0.08299470948517187 0.552690881293386 0.04553929827316041 0.5711873806573424 0.054354084243292376 0.6276020108661862
0 0.12607354267053253 0.6163823973188517 0.10493694910500903 0.5637757644446604 0.07472970944960894 0.6021341640070735 0.09586630301513244 0.6547407968812649
0 0.15972280023406316 0.6331814948773434 0.15423221320944114 0.5941373204800312 0.11598254236091138 0.6111371741904889 0.12147312938553341 0.6501813485878011
0 0.14491949661264036 0.6382814509904807 0.12552793499699855 0.6267901552182484 0.11137016550896149 0.702298259154446 0.13076172712460332 0.7137895549266783
0 0.038849536323583476 0.789897101364368 0.03389920047445952 0.7018911307132766 0.010043023372314028 0.7061322288647691 0.014993359221437987 0.7941381995158605
0 0.07212878398079067 0.7057713746676952 0.04728636051796589 0.7057713746676952 0.04728636051796589 0.7752336849326811 0.07212878398079067 0.7752336849326811
0 0.09942565590681834 0.7823968280391659 0.09509844907862831 0.7516255794831448 0.06354530814126527 0.7656491976775269 0.0678725149694553 0.7964204462335479
0 0.14110871709115852 0.7040562558957203 0.068510955321156 0.7040562558957203 0.068510955321156 0.7340708344052821 0.14110871709115852 0.7340708344052821
0 0.10812959219006102 0.6869374289075174 0.10040791713387462 0.6743539584455842 0.08655186090386766 0.7012263099219618 0.09427353596005406 0.7138097803838951
0 0.18222997281211456 0.6897189944007517 0.13664089714575411 0.6730497027465427 0.13151436537985825 0.7173617934126771 0.1771034410462187 0.7340310850668862
0 0.22382272950674487 0.7155547221924813 0.21203605357091282 0.6863063041294908 0.17818717356834057 0.7294173154760507 0.18997384950417262 0.7586657335390412
0 0.24986315317852498 0.6728240618884563 0.22661814450093504 0.6665355571254368 0.22066262479915175 0.7361111523716661 0.2439076334767417 0.7423996571346857
0 0.22919929806242006 0.8420123597027322 0.22227576713731534 0.792778362013098 0.20803145351271446 0.7991091680684761 0.21495498443781919 0.8483431657581103
0 0.23770421772699166 0.8148715182115706 0.22770795954997225 0.784207615132609 0.19694717174096024 0.8159005480267426 0.20694342991797965 0.8465644511057042
0 0.13827376283000212 0.8942221794275407 0.13639960896697823 0.8575720594395184 0.128984048692503 0.8587705338273124 0.13085820255552688 0.8954206538153348
0 0.09214743589743589 0.9745305071726796 0.06224005231112257 0.9745305071726796 0.06224005231112257 1 0.09214743589743589 1
0 0.15596593492548985 0.759197313946461 0.14270056317349603 0.759197313946461 0.14270056317349603 0.7750621625872294 0.15596593492548985 0.7750621625872294
0 0.16607784335263778 0.7415165396408464 0.14520499452591032 0.7223002661178275 0.13596286899435342 0.754028022731908 0.15683571782108088 0.7732442962549269
0 0.4262863803077977 0.760107677622503 0.41081320542505245 0.7417690999836937 0.3948947593226598 0.784218289590074 0.41036793420540507 0.8025568672288831
0 0.4630748705654233 0.7926484310015796 0.4480964118552465 0.782816417079002 0.4409743909787751 0.8171076287064569 0.4559528496889519 0.8269396426290344
0 0.5742351759994081 0.8158820207649963 0.5525282040416 0.8158820207649963 0.5525282040416 0.952662742829999 0.5742351759994081 0.952662742829999
0 0.6265730972754564 0.9290798597153432 0.6075191996680471 0.9290798597153432 0.6075191996680471 1 0.6265730972754564 1
0 0.6210257599973499 0.7198353695343986 0.6026954281218675 0.7198353695343986 0.6026954281218675 0.8021610705891966 0.6210257599973499 0.8021610705891966
0 0.7030148742695063 0.8397733003127343 0.6994182749222997 0.7971469376791757 0.654247015700129 0.8091926068050882 0.6578436150473356 0.8518189694386469
0 0.8006678958382192 0.840462641035853 0.7386244407481731 0.7257116169729476 0.7166869639402693 0.7631986463075265 0.7787304190303154 0.8779496703704319
0 0.7295984074614223 0.7496860499508069 0.7285075616301888 0.7123548815041455 0.6823489769017708 0.7166177233838263 0.6834398227330043 0.7539488918304876
0 0.8580675806996847 0.9485819429932315 0.8230120685149489 0.9236535787729738 0.8155768068558373 0.956699186146802 0.8506323190405731 0.9816275503670597
0 0.857849649421244 0.9272294115459565 0.8531941159048623 0.8976409096418414 0.8089448450121669 0.9196452090756603 0.8136003785285486 0.9492337109797754
0 0.8857543660052567 0.8741960590121448 0.8626002625835948 0.8741960590121448 0.8626002625835948 0.9668124726987924 0.8857543660052567 0.9668124726987924
0 0.8533472948735463 0.8308462967887452 0.8077635667788458 0.8142231708738683 0.8045838339640518 0.8417808552687492 0.8501675620587523 0.8584039811836262
0 0.9033611321488121 0.9771031853306421 0.8765892000675155 0.9771031853306421 0.8765892000675155 1 0.9033611321488121 1
0 0.9217508335202477 0.9702559034640653 0.8963110045043958 0.9646026081272093 0.8948378988860625 0.9855534435879496 0.9202777279019143 0.9912067389248056
0 0.9558300741443144 0.9731095925485231 0.9436414337117875 0.9481577629762121 0.9125667146678003 0.9961327678160516 0.924755355100327 1.0210845973883629
0 0.9588345049298772 0.9848212198045299 0.9431572474047936 0.9848212198045299 0.9431572474047936 1.0000000000000004 0.9588345049298772 1.0000000000000004
0 1.0048186141023936 0.9925271611083447 0.9761652372569338 0.9341332874287089 0.9590099091677194 0.9607382406829044 0.9876632860131791 1.01913211436254
0 0.9697262973298831 0.9653268771742434 0.9660607984573215 0.9023346002531842 0.9467972086632872 0.9058773294107078 0.9504627075358487 0.968869606331767
0 0.9859995394905655 0.912353532909977 0.9679653203238586 0.8953212148080871 0.9606798822700495 0.9197012428051478 0.9787141014367564 0.9367335609070376
0 1.0082803939240195 0.916362204451243 0.991095498667711 0.8947219659803357 0.9755858184084801 0.9336482223172283 0.9927707136647886 0.9552884607881356
0 0.9863523454370334 0.885059716185449 0.9763061701076026 0.8395170546920284 0.9487701661154506 0.8587142688042039 0.9588163414448816 0.9042569302976244
0 0.9980549365013327 0.8041703885665837 0.9693235672919713 0.7803339933706691 0.9609066140940573 0.8123985769817702 0.9896379833034187 0.8362349721776847
0 1.00167955654803 0.8477341807056794 0.9977434391167135 0.8193109699900991 0.9912046644382404 0.8221728157965601 0.995140781869557 0.8505960265121405
0 0.7702059334285288 0.5632416293782891 0.74474979249671 0.5587160932126323 0.7375786113317704 0.6862037583671073 0.7630347522635892 0.6907292945327642
0 0.8083915001808525 0.5472689260649451 0.776671942959623 0.5378705387401364 0.7705900796453183 0.6027437474260541 0.8023096368665478 0.6121421347508628
0 0.8113035700437339 0.5349685736063415 0.7996559265541785 0.5184030361989738 0.7869258757908459 0.5466920378952681 0.7985735192804013 0.5632575753026359
0 0.8275013937184831 0.4468010873808805 0.8254097747447713 0.40589831633939605 0.812862037858049 0.4079262334119972 0.8149536568317608 0.4488290044534817
0 0.8653127713210889 0.25715343040766236 0.8440406290082226 0.24071119480351438 0.8385573274891154 0.26313180545941905 0.8598294698019816 0.27957404106356704
0 1.010120952408219 0.260087162394279 0.9573304638017147 0.20143106394260682 0.9458401315793543 0.23411467559732055 0.9986306201858587 0.29277077404899265
0 0.8336353697455348 0.21745067351664657 0.8158542057076179 0.16213149650979217 0.7998281523938107 0.17841193162223076 0.8176093164317275 0.23373110862908517
0 0.8497337796325352 0.16939766315337104 0.8224219561974164 0.10697063815881257 0.8069933084366356 0.12830407703791635 0.8343051318717545 0.19073110203247484
0 0.9937364000491468 0.22922092697461802 0.989118103558687 0.17831703676865945 0.9796393435478117 0.18103496078611464 0.9842576400382714 0.23193885099207318
0 1.0015972396867592 0.15697624560500817 0.9905011463742089 0.14442308953424454 0.9778884025372867 0.17965869136437718 0.9889844958498368 0.19221184743514078
0 0.860991107283343 0.07451196520523176 0.848345331570213 0.07022979776798127 0.8438445521669504 0.11223707219843138 0.8564903278800805 0.11651923963568185
0 0.8604938058650043 0.06514035371622512 0.852604272260046 0.051782413221057394 0.8363376657143085 0.08214674543976733 0.8442271993192669 0.09550468593493505
0 0.927238801302401 0.10204956693251023 0.86891940330909 0.0674899236772147 0.8607189916805847 0.11122545236257617 0.9190383896738957 0.1457850956178717
0 0.9273413929013521 0.0926648729041297 0.887847397360034 0.054258556252363595 0.8789737190399863 0.08309801079251855 0.9184677145813044 0.12150432744428466
0 0.9453846948540587 0.07629756301800455 0.90924187716614 0.03774522415088999 0.9002824308972799 0.0642917316141783 0.9364252485851986 0.10284407048129286
0 0.9405063074665835 0.04282105164101255 0.9238322794494354 0.008943661383949161 0.9101720414425551 0.030192920505762524 0.9268460694597032 0.06407031076282592
0 0.9787053093559345 0.0675109468584518 0.9361713546082177 0.04303097290293145 0.9254851504098374 0.10171274608119758 0.9680191051575542 0.12619272003671794
0 0.9690850194655086 0.11341222879684468 0.9624523335895119 0.10162078723951673 0.9496693389921358 0.12434611096818433 0.9563020248681324 0.1361375525255123
0 1 0.03601749421147435 0.971376310949944 0.03601749421147434 0.971376310949944 0.1423548580739217 1 0.1423548580739217
0 0.9448455674459564 2.0381666673250323e-16 0.9257916698385471 2.017425072021748e-16 0.9257916698385471 0.02872823943058075 0.9448455674459564 0.028728239430580758
0 1.0026132851597507 0.002287048704141882 0.9894613372251939 -0.004907179225871694 0.9824227477906953 0.03576022639567819 0.995574695725252 0.04295445432569177
0 0.3454436974525041 0.5039019004403698 0.3295252513501115 0.5039019004403698 0.3295252513501115 0.5617871589945246 0.3454436974525041 0.5617871589945246
0 0.36154137543344744 0.4886900557357206 0.32629243931847474 0.4698906231410681 0.32157930473436336 0.4978203095654311 0.35682824084933606 0.5166197421600836
0 0.45762460041399644 0.565770765047923 0.44485707829139115 0.4447157404780378 0.4270473496846663 0.45065231668027944 0.4398148718072716 0.5717073412501646
0 0.4079115389755295 0.3452534140326863 0.391028338563901 0.3452534140326863 0.391028338563901 0.40356745227983487 0.4079115389755295 0.40356745227983487
0 0.4320485832777863 0.4412561865514336 0.4145042576958969 0.38017594193300375 0.3977629991435895 0.39537368019325436 0.41530732472547893 0.4564539248116842
0 0.49936718634640764 0.5614448374381941 0.49518033038820897 0.5037592664585655 0.4773568154515344 0.5078478146877666 0.4815436714097331 0.5655333856673953
0 0.4970785009338715 0.4846310848043118 0.4607955475964285 0.4662016481884675 0.45578974693529867 0.49734885230216364 0.4920727002727417 0.5157782889180079
0 0.5280234504754008 0.6509733613078583 0.5164463987645698 0.6509733613078583 0.5164463987645698 0.6951376696862135 0.5280234504754008 0.6951376696862135
0 0.5777069995674036 0.6051935650597847 0.5572124891063378 0.5991211175157667 0.5475323529629932 0.7023759030448002 0.568026863424059 0.7084483505888183
0 0.6237647327886495 0.5804798567666664 0.6021530597321197 0.5627472019510518 0.5746363843852784 0.668737358842587 0.5962480574418082 0.6864700136582015
0 0.6481266875549703 0.6177262595486146 0.6366865367126993 0.586371772054983 0.5950810731114655 0.6343492435951443 0.6065212239537365 0.6657037310887759
0 0.6607327891321468 0.694795623420451 0.6331079007409787 0.6741173443908047 0.6267700324318336 0.7008772328071952 0.6543949208230018 0.7215555118368414
0 0.6785733663200583 0.6716405111053947 0.6436492603257182 0.6405968613326468 0.6371854064538373 0.6635794528771113 0.6721095124481773 0.6946231026498592
0 0.6563580430531528 0.6764164572242778 0.6476845307537722 0.6733325417400537 0.6463858230298009 0.6848766103975775 0.6550593353291814 0.6879605258818017
0 0.710206204214007 0.6452725146747511 0.6942128504533126 0.6353436601354842 0.6790701292115127 0.7124338773664652 0.6950634829722071 0.7223627319057324
0 0.5393917901051288 0.5948933560537034 0.5059469403989624 0.4950047382646194 0.48934388989703936 0.51257410387512 0.5227887396032058 0.6124627216642041
0 0.5783575391999394 0.5568341636401749 0.5725064346866274 0.5230277820077064 0.5291524619848287 0.546742775622366 0.5350035664981407 0.5805491572548345
0 0.6468161489559444 0.5255915746961306 0.6309967115561845 0.4887401649679547 0.5895148095307494 0.545019704558019 0.6053342469305092 0.5818711142861949
0 0.6707318353785261 0.5174313177690787 0.6461177417446569 0.5121539241591369 0.6396134482498034 0.6080320282684597 0.6642275418836726 0.6133094218784015
0 0.701476277984885 0.5064491690782004 0.6803092919183134 0.4953814639453522 0.6666829054168442 0.5777454001320095 0.6878498914834158 0.5888131052648576
0 0.699507231108438 0.11258364101173463 0.6918413455161311 0.03081419469379338 0.6673965572753562 0.03805709491328223 0.6750624428676631 0.11982654123122348
0 0.7958470867781021 0.0830343750493981 0.7237158523594663 0.05565122124232344 0.7183239345101625 0.10054003325603962 0.7904551689287983 0.12792318706311429
0 0.29136920369884856 0.16182145613583757 0.26097944295791736 0.13480833547723162 0.2555768188261962 0.15401766572335107 0.28596657956712734 0.18103078638195702
0 0.2938293271874002 0.10333590601149129 0.25596272054989055 0.10333590601149129 0.25596272054989055 0.14192607838092786 0.2938293271874002 0.14192607838092786
0 0.3879898222381578 0.06631577023594132 0.34254941980381376 0.06217305548409229 0.34119718220644213 0.1090506255263095 0.3866375846407862 0.11319334027815851
0 0.4402307936139501 0.04159163022039283 0.42093570742923186 0.04159163022039283 0.42093570742923186 0.09990566846754141 0.4402307936139501 0.09990566846754141
0 0.41377982648594386 0.16299717197345784 0.3857904949107246 0.15684720648377168 0.38295036595243276 0.19769916240910076 0.410939697527652 0.20384912789878692
0 0.2776997447585455 0.25721849928203366 0.2602167322428361 0.24545815452672168 0.2545983483614456 0.271855640699604 0.272081360877155 0.28361598545491595
0 0.2976001047009384 0.2206960453962661 0.2830699635801292 0.20003095580222566 0.2628571842719909 0.2449482431536426 0.2773873253928001 0.26561333274768306
0 0.3933399267333361 0.6004390124615937 0.3760774801435897 0.5981373529162942 0.37364910540623386 0.6556988281721348 0.39091155199598027 0.6580004877174344
0 0.4549879830083215 0.43486083197539804 0.4141813429681709 0.3480657563344427 0.39947978417825747 0.36991085861597234 0.4402864242184081 0.4567059342569277
0 0.4239633246200385 0.35914082900164335 0.4226538125208844 0.32887654937674987 0.41442786327831116 0.33000146551248644 0.41573737537746525 0.3602657451373799
0 0.4845701076591033 0.2542327077484128 0.4827059007021753 0.2252339328628651 0.4466131281864215 0.23256706759622453 0.44847733514334953 0.26156584248177217
0 0.5032774788899276 0.2528085096061725 0.4740936610355412 0.2528085096061725 0.4740936610355412 0.2798216302647781 0.5032774788899276 0.2798216302647781
0 0.5053646973449609 0.16200807462256359 0.5002607471509437 0.11865600383881203 0.4849405237011823 0.12435655209918837 0.49004447389519956 0.16770862288293995
0 0.549985775020317 0.2302698278843014 0.5478307408944979 0.1715251939360476 0.5281996932091516 0.1738012574357979 0.5303547273349707 0.2325458913840517
0 0.5660829903095786 0.06946231026498592 0.5315930237543947 0.06946231026498592 0.5315930237543947 0.10204956693251013 0.5660829903095786 0.10204956693251013
0 0.5570090849146033 0.044905981360832 0.5096839748804635 0.03088372653589823 0.506848379444533 0.06113007785248276 0.5541734894786728 0.07515233267741654
0 0.5687360646599774 1.2206326732489954e-16 0.5525764299802758 1.2030417000170958e-16 0.5525764299802758 0.012863390789812308 0.5687360646599774 0.012863390789812308
0 0.7220084642157197 0.18840161388493173 0.6961542252578425 0.1516311407003957 0.6873773141030866 0.17113538771096484 0.7132315530609638 0.2079058608955009
0 0.6530623256143013 0.5205270980003509 0.6284862525494282 0.445535432263425 0.6200857036906042 0.4542362905983615 0.6446617767554774 0.5292279563352874