1 0.31639999655752093 0.16172262528574455 0.1863561767902371 0.13690312886892694 0.14126007793354783 0.8836796794834032 0.27130389770083163 0.9084991759002207
1 0.38535931316543287 0.003653137935554366 0.2906702632772679 -0.040260624331420795 0.2209252958553092 0.43503841291451883 0.31561434574347413 0.478952175181494
0 0.02152302388051418 0.10887709104730021 6.938893903907228e-18 0.10762370294142859 -0.000374155804851286 0.12792973896767915 0.021148868075662887 0.12918312707355076
0 0.19301267459343835 0.06392527478594902 0.17808561367305664 0.04881392916284651 0.16529436280245896 0.08874759041739526 0.18022142372284067 0.10385893604049776
0 0.046958830633897594 0.36426618255348286 0.039522861125166564 0.32855033680394424 -0.005975202147005573 0.35848845635965915 0.0014607673617254568 0.39420430210919777
0 0.035144145303008176 0.4768713915871101 0.0335210113638207 0.458596105753296 -0.0013809313558477629 0.46839314230618556 0.0002422025833397068 0.48666842813999966
0 0.045277886244289675 0.48510089750761476 0.04153989245717009 0.46383586618533457 0.003842375320478486 0.4847789312612743 0.007580369107598073 0.5060439625835546
0 0.06721946427692378 0.4172956069687973 0.057606527971556395 0.3907455924111159 0.009308430876207405 0.44601391296977827 0.01892136718157479 0.4725639275274596
0 0.05317507239780199 0.46502147196770277 0.02953859182152209 0.4410098091600534 0.023957859201942044 0.4583720884209692 0.047594339778221945 0.48238375122861854
0 0.05844688205947184 0.4584831465841982 0.05548001218980604 0.42742258301041297 0.037234388413274755 0.43293069584861105 0.04020125828294056 0.4639912594223963
0 0.07031791406791402 0.4705636946439616 0.056507586503405816 0.4527079175908604 0.0472146558057929 0.4754239704072478 0.0610249833703011 0.4932797474603492
0 0.19194529870444502 0.4064192953220555 0.18224999174451662 0.38541279690887736 0.1627904803410828 0.41379818106431365 0.1724857873010112 0.4348046794774918
0 0.18315744264464834 0.46873710627102394 0.17048139015230562 0.45621754825389554 0.15915007774665763 0.49247774795197014 0.1718261302390003 0.5049973059690984
0 0.10679340433333623 0.6673142718581533 0.05623112999713151 0.6287906342686644 0.04860873926941853 0.6604094402502889 0.09917101360562325 0.6989330778397779
0 0.020462638539018307 0.8262437016645481 0.004673035596635566 0.8165126278511683 -0.006780438281712237 0.8752483913298749 0.009009164660670504 0.8849794651432545
0 0.006525490952748534 0.9170740283115185 6.317391225109896e-17 0.9170740283115185 6.413386741347408e-17 0.9449447083561117 0.0065254909527485356 0.9449447083561117
0 0.15442232655861401 0.9751307987428715 0.14636662807649425 0.9464883152508894 0.1209935897435897 0.9690421271023596 0.12904928822570946 0.9976846105943417
0 0.188530600049842 0.9680268688762647 0.16858802775154247 0.9432094455717146 0.15871872066528195 0.968274352457456 0.1786612929635815 0.993091775762006
0 0.6548329537955024 0.8738332454257652 0.6418458765557882 0.8392010394531939 0.5831257344647947 0.9087952819314086 0.5961128117045089 0.9434274879039799
0 0.6847640766616164 0.9914842419885657 0.6687529659403927 0.9784720377198889 0.6656469912297669 0.9905508282612117 0.6816581019509906 1.0035630325298885
0 0.7011441689117877 0.8987590486427097 0.6549473501054293 0.8599765340892236 0.64685817434444 0.8904299016600068 0.6930549931507984 0.9292124162134928
0 0.5726767031770713 0.7689339426875117 0.561322287076063 0.6949199710661315 0.5466079285634668 0.7020542054964819 0.5579623446644751 0.7760681771178621
0 0.7472638378072972 0.46393962781922643 0.7301394488183598 0.46393962781922643 0.7301394488183598 0.5291141411542748 0.7472638378072972 0.5291141411542748
0 0.7813505587410927 0.5529350210872888 0.7634012506180783 0.5498959847913286 0.7624614281617776 0.5674393373089398 0.7804107362847921 0.5704783736049
0 0.8101658187694788 0.4041677386158992 0.761759271303567 0.3754823771546179 0.7557777945863043 0.4073835863133522 0.8041843420522161 0.4360689477746335
0 0.7730987542913418 0.27065746894613574 0.7716486201834073 0.24722095811082928 0.7249193759145429 0.25635912143451833 0.7263695100224774 0.27979563226982473
0 0.6560715567905184 0.5827113159653836 0.6435929548995633 0.5583940404855734 0.6097143262316655 0.6133394967266863 0.6221929281226207 0.6376567722064963
0 0.5504156581904618 0.5905734202635876 0.5411369917457516 0.5630810752422245 0.49800679909755796 0.6090866140669652 0.5072854655422682 0.6365789590883283
0 0.5874555963238748 0.4849369263505636 0.581528304437678 0.4568371722234118 0.5221364432636213 0.49643174633945386 0.5280637351498181 0.5245315004666057
0 0.5825687572833014 0.4454520291835181 0.548998722381393 0.39323197489166156 0.538241284950975 0.41508835570267 0.5718113198528834 0.4673084099945266
0 0.4674368621902065 0.9809622025675857 0.4486241531601062 0.9809622025675857 0.4486241531601062 1 0.4674368621902065 1