1 0.5840697697867842 0.5075830563504424 0.1789100110221146 0.12364311852939475 0.13354425352002844 0.27494562656206406 0.538704012284698 0.6588855643831117
0 0.0920073482854098 0.01222785705307353 0.06493872121449198 0.007162382981322836 0.06331714102622835 0.03454907060533119 0.09038576809714616 0.039614544677081885
0 0.10721244549550431 0.04258112181960901 0.09235151853977414 0.02496817135355869 0.08663720455429991 0.040206341981490167 0.10149813151003008 0.057819292447540485
0 0.11705015360749739 0.07447594038300544 0.07895091060379944 0.026833949131676908 0.06729059651234266 0.05630472959308307 0.10538983951604061 0.1039467208444116
0 0.1587154832347139 0.09304519337964151 0.11843699082411449 0.09304519337964151 0.11843699082411449 0.1209158734242346 0.1587154832347139 0.1209158734242346
0 0.15303929178516842 0.13402595937987868 0.14216598208758133 0.08247841710983686 0.12921448588140058 0.09111274791395746 0.14008779557898768 0.14266029018399928
0 0.17592685561251292 0.09353617348478209 0.15472688180579763 0.03134958365175048 0.13932693445153535 0.04794211952166269 0.16052690825825067 0.11012870935469429
0 0.18005696173306143 0.04518348472554797 0.1637099420817583 0.022580198294116505 0.1546060009367186 0.04338920662563582 0.17095302058802175 0.06599249305706728
0 0.23046327475763986 0.0709187555856138 0.22857306004206318 0.040416829235111584 0.1595761840031822 0.05393034167963819 0.16146639871875887 0.0844322680301404
0 0.17036456112342618 0.12463039777833379 0.1494855598159418 0.1207232162471086 0.1481150800643286 0.14386909649657614 0.16899408137181296 0.1477762780278013
0 0.03724156565121545 0.24680054682022007 0.0007385414932631305 0.23057698052779685 -0.003673790715154071 0.2619535651209858 0.03282923344279825 0.27817713141340905
0 0.05673530234362979 0.2596366143257805 0.03093932074413832 0.2586812075998734 0.030376791550379943 0.3066836988005886 0.056172773149871416 0.3076391055264957
0 0.13358721086283468 0.14514952137289536 0.12518660246151536 0.11358359889521068 0.06823401569256705 0.16148637199597482 0.07663462409388637 0.19305229447365957
0 0.02066664059866002 0.12938909976949578 0.013389322081582822 0.07893302471776055 0.0030835320638597594 0.08363082073723543 0.010360850580936958 0.13408689578897068
0 0.028176139003111108 0.13462424896023245 0.002246183845208114 0.11674963134571427 -0.005719413849776575 0.15327026639172595 0.02021054130812642 0.1711448840062441
0 0.04468152388302886 0.16139267644284364 0.03628816139267644 0.1315496098104793 0.0027147114312665865 0.16139267644284347 0.011108073921619006 0.1912357430752078
0 0.03802664865791955 0.200950175799674 0.0008069633822142264 0.1889195704580319 -0.002257096303919029 0.21887926516689046 0.03496258897178629 0.2309098705085326
0 0.07142649959392033 0.14014790377174774 0.048726398200134094 0.11593446228504257 0.018570732254826382 0.20528458360447352 0.04127083364861262 0.22949802509117864
0 0.13338551211813596 0.9630832248519101 0.11804053519924404 0.9482741042698684 0.10332772783638844 0.9964563973879922 0.11867270475528036 1.0112655179700338
0 0.14361071805261283 0.9595867106571188 0.13033459311890888 0.953391185688057 0.12348679361632953 0.9997678172399174 0.13676291855003347 1.005963342208979
0 0.06172004531140379 0.9443945445071767 0.0515242302678022 0.9357092205811459 0.03569483578978844 0.9944385682097187 0.04589065083339003 1.0031238921357497
0 0.05090418917760058 0.9136437907675686 6.293761559574508e-17 0.9136437907675686 6.398618200387791e-17 0.9440871489701242 0.05090418917760058 0.9440871489701242
0 0.045436302254372035 0.8811776013074777 0.03755085453270543 0.8691616809697003 0.016269509476031258 0.9133007670131739 0.024154957197697863 0.9253166873509512
0 0.03307050597018635 0.8968604909500922 0.026532012082961104 0.8686308030560397 -0.0052378436517009075 0.8918871680382756 0.0013006502355243366 0.9201168559323281
0 0.05102973939592571 0.3613990278840127 0.03370380926704519 0.27926128505080094 0.01575673595276613 0.2912260005936536 0.03308266608164665 0.37336374342686535
0 0.048878205128205246 0.22682445726655556 0.03874828488122822 0.22082154156464298 0.03257385730211817 0.253751821986562 0.04270377754909519 0.25975473768847457
0 0.07147757805818383 0.22610597369297128 0.03295212823733413 0.20168791081135062 0.028371308957912532 0.22452993648651523 0.06689675877876222 0.2489479993681359
0 0.08788463104230076 0.21684304414358413 0.08215301485119408 0.20053978031110317 0.06305304751553485 0.2217619662396137 0.06878466370664153 0.23806523007209465
0 0.07042866702453232 0.24404327152631858 0.05283829988932387 0.23831011483039877 0.051128525019058825 0.25488974993599917 0.06871889215426727 0.26062290663191895
0 0.1824114840842841 0.1633910699554256 0.17551645483504974 0.14050978770611444 0.15737830890223972 0.1577842124040287 0.1642733381514741 0.18066549465333986
0 0.09793596175285128 0.14698567843112104 0.08938086104006823 0.086149406695774 0.07161803169943046 0.09404399751383512 0.08017313241221352 0.15488026924918213
0 0.128287445779492 0.16129063583642492 0.10146389760121749 0.15784343285769087 0.10069989577712367 0.17663221845762797 0.1275234439553982 0.18007942143636202
0 0.14134990566846745 0.1542749332120146 0.12229600806105816 0.1542749332120146 0.12229600806105817 0.22202212470502544 0.14134990566846745 0.22202212470502544
0 0.14965971582938606 0.1839016765085502 0.1396986915622752 0.15674866221005535 0.13262105434538068 0.1649546184035562 0.14258207861249153 0.19210763270205106
0 0.1452200866393447 0.16113679294908442 0.13113301214549625 0.132336551761661 0.12514977000054178 0.14158600821762932 0.13923684449439022 0.1703862494050527
0 0.18765811251179135 0.2052997166782695 0.1654687633993651 0.16585198492284578 0.1577507289254778 0.17957293509864558 0.17994007803790407 0.21902066685406932
0 0.16919117825624014 0.15877901724372753 0.13850686863328546 0.11104786894135368 0.12848153458354855 0.13141680161383504 0.15916584420650326 0.1791479499162089
0 0.154663515135923 0.17631420943189285 0.1505150716062086 0.16156418799290817 0.14607720178372338 0.16550896116845054 0.15022564531343777 0.18025898260743523
0 0.17231300006955164 0.2127676795193684 0.15714537780618867 0.16707755813343553 0.14325398300182937 0.18165213628882892 0.15842160526519233 0.2273422576747618
0 0.22175855326621252 0.23858035232083705 0.218031252485478 0.20692130371410444 0.15305867383550759 0.23109714693269812 0.15678597461624208 0.2627561955394307
0 0.10250741294123074 0.20608471334698125 0.0803774333247577 0.18360346421278637 0.0758059821363783 0.1978257567988556 0.09793596175285134 0.22030700593305047
0 0.12292405356434787 0.2173225294560742 0.12162975446631352 0.19431276771324182 0.08994091861591608 0.19994633853109034 0.09123521771395042 0.22295610027392268
0 0.10953713232141318 0.19470885826132422 0.10336270474230336 0.16177857783940502 0.06783562730469078 0.1828316607653975 0.0740100548838006 0.21576194118731673
0 0.16064499185318573 0.21044507299419427 0.13556137981305183 0.18814852895851997 0.12663740245261976 0.21987822624005668 0.15172101449275366 0.24217477027573095
0 0.1901586645746844 0.2266071028387072 0.1565191622946321 0.205805864713844 0.15092261115842376 0.23441045941001992 0.18456211343847603 0.25521169753488315
0 0.22311871602443828 0.2896752020047267 0.18518739801237835 0.205383384200151 0.16645116340922972 0.23203047341351862 0.20438248142128965 0.3163222912180943
0 0.1352960723780121 0.22275104920171593 0.11199725580996477 0.20894434308731752 0.10804176314209753 0.2300403039826095 0.13134057971014484 0.24384701009700793
0 0.11993960016707533 0.23632369340979775 0.10011857567717677 0.21052489962929485 0.09071227123241463 0.23336514023229457 0.11053329572231317 0.2591639340127974
0 0.10063385875921015 0.22510402519840106 0.08796398800782879 0.20539533736291885 0.07033374333019898 0.2412155170254046 0.08300361408158034 0.26092420486088685
0 0.0979781979086552 0.3123791806733028 0.07439634957626687 0.2387696902714291 0.05768273276146668 0.25569238102725333 0.08126458109385501 0.3293018714291269
0 0.10295268416087813 0.29277077306759347 0.09065206671812008 0.2490352443822321 0.07839968699082404 0.25992624858427316 0.0907003044335821 0.30366177726963456
0 0.14621005319679856 0.27876725004493585 0.08918516569874917 0.23441455976867515 0.0797416444193268 0.27278823353902637 0.13676653191737617 0.317140923815287
0 0.0445258704579764 0.39389405826088986 0.010892774119983156 0.35347897953375385 -0.0006278304083634084 0.38377974760830913 0.03300526592962984 0.42419482633544514
0 0.09230108172624063 0.3211846608029624 0.07000794862454787 0.30111770554968054 0.05709739261534949 0.3464481022041993 0.07939052571704223 0.36651505745748114
0 0.09791602631627977 0.39223929147407904 0.0839073044218221 0.3519178908889733 0.07383265970352067 0.36298024587377486 0.08784138159797834 0.4033016464588806
0 0.07697136710277283 0.41265180650840505 0.06500901805622505 0.3910056510908425 0.04321501422964334 0.42907081177040823 0.05517736327619112 0.4507169671879708
0 0.08907302472258444 0.39916832060627694 0.07899463202704557 0.3934500836159003 0.0715627736465306 0.4348482873355095 0.08164116634206947 0.44056652432588617
0 0.08286630670587644 0.39012375743049255 0.06590590453431905 0.3702020151972347 0.05824772551646536 0.3908078061882164 0.07520812768802275 0.41072954842147424
0 0.0435238187119458 0.5033873648087771 0.03455160363605175 0.4714861556500431 -0.005592895120487079 0.5071701545447447 0.0033793199554069675 0.5390713637034786
0 0.19719099218215108 0.3577864335836343 0.18983671752977893 0.3420973143252405 0.16732314770687198 0.37545075109991743 0.17467742235924413 0.3911398703583113
0 0.19914276360169014 0.375776610452914 0.1972548639584828 0.3608598725312757 0.18214363197622124 0.36690436532418036 0.1840315316194286 0.38182110324581864
0 0.22671664579399473 0.3686062123460449 0.19119047850195692 0.34038684541903613 0.186815499738687 0.35779416832897787 0.2223416670307248 0.38601353525598664
0 0.06361059817766909 0.48008164207123294 0.04362621706789674 0.45647926500297026 0.012727132236570904 0.5391659387972083 0.03271151334634326 0.5627683158654709
0 0.06378365920590004 0.5068176023527273 0.05247673870165523 0.49174170834706743 0.034763849584083684 0.5337278158850142 0.046070770088328494 0.5488037098906742
0 0.08543955593557201 0.4948319488168081 0.08080873525123962 0.4577853833421492 0.0605574072953081 0.4657859079667147 0.0651882279796405 0.5028324734413736
0 0.14251465284180773 0.43500545417898456 0.13763989719928607 0.40645786557964203 0.08949738960800767 0.43243953634318905 0.09437214525052934 0.4609871249425315
0 0.196003237286682 0.4021953572622549 0.15451880198953769 0.3653203036647933 0.13845564274075972 0.4224337587715594 0.17994007803790407 0.459308812369021
0 0.22140303353169147 0.47491102178534284 0.19329594236459843 0.4058061167882348 0.18029653781123803 0.4225164624705033 0.20840362897833106 0.4916213674676113
0 0.09180977188920329 0.5175370946775709 0.06344599519766751 0.4923248487295388 0.057753944773175525 0.5125632502388433 0.0861177214647113 0.5377754961868755
0 0.0798728928954681 0.5839330507056338 0.07344554324069368 0.5153746543880403 0.05521950912837195 0.5207749607916912 0.06164685878314638 0.5893333571092847
0 0.07285234971271759 0.5802246857932555 0.05524558356916217 0.5802246857932555 0.05524558356916217 0.6359660458824415 0.0728523497127176 0.6359660458824415
0 0.11077684160878132 0.5812194546810007 0.09998124088843141 0.5556298826031346 0.0516277549095277 0.6201011972416739 0.06242335562987761 0.64569076931954
0 0.12068416244684688 0.5703000046066441 0.10968361026226667 0.5546547748330192 0.0752348222446724 0.6312076370943409 0.08623537442925261 0.6468528668679658
0 0.12956689517251857 0.5137493801311469 0.11187611952450728 0.49409296274446807 0.08762176259287445 0.5630831335722253 0.10531253824088573 0.5827395509589041
0 0.1208299361550576 0.5016763786344219 0.1177637287282932 0.47268678114501317 0.07192591874194915 0.48800958182420895 0.07499212616871355 0.5169991793136178
0 0.21813749835719015 0.4741496640624978 0.14875567942806367 0.46564308089877343 0.14728114665838532 0.5036532589615923 0.2166629655875118 0.5121598421253167
0 0.18954362683608392 0.5768704415454765 0.18502797135729454 0.5142533522395971 0.1727011445477915 0.5170628854155523 0.17721680002658088 0.5796799747214316
0 0.2231351729096961 0.5113950241490666 0.20528345574108686 0.49000745961855885 0.17761645301816162 0.5629928144718668 0.19546817018677085 0.5843803790023746
0 0.09924699107092742 0.7223679252088344 0.07102633869770227 0.7032308963371857 0.06342795864234071 0.7386443673459577 0.09164861101556587 0.7577813962176064
0 0.13368249625815667 0.6952579103619967 0.12506833912098994 0.6767971291608844 0.07894344519009186 0.7448197000084715 0.0875576023272586 0.7632804812095837
0 0.3116869703483711 0.8577242881873759 0.29884231104256975 0.8368749861257856 0.2815953385808351 0.8704563928237664 0.2944399978866364 0.8913056948853568
0 0.3950970815467726 0.9478352040500949 0.39442861160806486 0.9181254289964149 0.370107479111852 0.9198549317517011 0.3707759490505597 0.949564706805381
0 0.4707369356063877 0.8846047844035346 0.46609682141724185 0.8571078114308163 0.4331270067208768 0.8746917126022097 0.4377671209100226 0.902188685574928
0 0.4307872741881846 0.7863715481107114 0.4163681084312265 0.7680614963558434 0.39573670715601217 0.819410761751931 0.4101558729129702 0.8377208135067988
0 0.33773787533335703 0.8796944788021053 0.3372331441154763 0.8509808806293343 0.31802465051266016 0.8520480191628241 0.3185293817305409 0.8807616173355951
0 0.3411987549382942 0.8446102601955771 0.33290186787886533 0.8372352494760844 0.3281263340481474 0.8542149253186362 0.33642322110757616 0.861589936038129
0 0.3172004914960508 0.821241766927418 0.3012820453936581 0.7929423071898312 0.29549351953824265 0.8032330198216808 0.3114119656406353 0.8315324795592677
0 0.5788178272917557 0.8394196511305143 0.5651719843787855 0.822019018399141 0.529566460629241 0.9102675833452951 0.5432123035422112 0.9276682160766683
0 0.5302423736098572 0.9415144708121637 0.497078944229874 0.8825572630255216 0.4838135724778798 0.9061401461401757 0.5169770018578629 0.9650973539268178
0 0.590539517937102 0.8278878521688209 0.5712444317523837 0.8278878521688209 0.5712444317523837 0.9050681969076939 0.590539517937102 0.9050681969076939
0 0.5976276025700433 0.8329173139029415 0.5918492893572804 0.8297784770960086 0.5839162787555587 0.8759341751423888 0.5896945919683216 0.879073011949322
0 0.6036093658329763 0.9887211501769502 0.6027799342276294 0.9277732870284898 0.583917968485803 0.9285845543722241 0.5847474000911499 0.9895324175206844
0 0.6158160631739039 0.9826773213395606 0.5834967938145008 0.9826773213395606 0.5834967938145008 1 0.6158160631739039 1
0 0.6506436670645445 0.9325373390545519 0.6292591689690162 0.9213385665807523 0.6164497283142003 0.9986446645677116 0.6378342264097285 1.009843437041511
0 0.6883712622537933 0.9364952261706458 0.659462683128806 0.8765366916891926 0.6465718630498098 0.8961798460952826 0.6754804421747972 0.9561383805767358
0 0.6997510957928603 0.9078953065955458 0.6940634562100546 0.8989735190146741 0.681809293376545 0.9236633878347826 0.6874969329593507 0.9325851754156543
0 0.7413788365209583 0.8488123011869153 0.6931411210591626 0.8059343318875414 0.6845548077069629 0.8364634460286958 0.7327925231687585 0.8793414153280698
0 0.7453343291888254 0.9582368788389175 0.7327925231687585 0.9582368788389175 0.7327925231687585 1 0.7453343291888254 1
0 0.7940904097708634 0.9966548011164771 0.7709473795693933 0.906887896092594 0.7494210395159687 0.9244278768768661 0.7725640697174387 1.0141947819007493
0 0.7258910699800015 0.800959863445103 0.6970626166676918 0.7537289333996627 0.68728926439852 0.7725824923870008 0.7161177177108298 0.819813422432441
0 0.7259169967388958 0.8307542150480117 0.6934523534424846 0.7781317866982732 0.6880839992796131 0.7885991152452341 0.7205486425760242 0.8412215435949727
0 0.8352560428129437 0.9517645889168644 0.8202259984228282 0.9407622034809631 0.8068043535985545 0.9987096224048122 0.8218343979886701 1.0097120078407136
0 0.8537148706848177 0.9913901079519882 0.8369860356733823 0.9319098056891018 0.8222252947420725 0.9450304642947093 0.838954129753508 1.0045107665575956
0 0.9328935291149298 0.8975755065060373 0.9036709802481288 0.8786841617840646 0.8828829895848844 0.9803143383599237 0.9121055384516855 0.9992056830818963
0 0.9124780603710914 0.999656997182113 0.9100034655679012 0.9688620396313026 0.9036891486139523 0.970465675683099 0.9061637434171425 1.0012606332339093
0 0.9224591532536773 0.9505941060663966 0.9145121536038032 0.9480712490346905 0.9094498766659707 0.9984690283268891 0.9173968763158448 1.0009918853585953
0 0.9242626252729658 0.88354831042914 0.9104375139924998 0.7975253957951318 0.8877566862697084 0.8090458162257563 0.9015817975501741 0.8950687308597645
0 0.908681364854124 0.9287199351555309 0.8964916589469167 0.8691258173869634 0.8863441336942968 0.8756858337118896 0.898533839601504 0.9352799514804572
0 0.9640931129018283 0.950135836927381 0.9283781663629902 0.9135465131663116 0.9180043008005982 0.9455495494110766 0.9537192473394364 0.982138873172146
0 0.9465864236128697 0.8852679148470722 0.9123185415892673 0.8791758469317652 0.9110505105541082 0.9017186208901489 0.9453183925777107 0.9078106888054559
0 0.9726269685727316 0.8717076914679734 0.9303864477354841 0.8543782470219229 0.9267239043396067 0.8825933961457184 0.9689644251768541 0.899922840591769
0 0.9004668692211044 0.8302032729792413 0.8841866402527484 0.801260643702164 0.8782775201086783 0.8117657461805106 0.8945577490770344 0.8407083754575879
0 0.8838248573867848 0.7238659091167939 0.8695947313255551 0.7238659091167939 0.8695947313255551 0.7967584569257297 0.8838248573867848 0.7967584569257297
0 0.9445848230380549 0.8308406481985564 0.9295757230582196 0.7934846660265205 0.9178943735842278 0.8083181256760334 0.9329034735640631 0.8456741078480694
0 0.9331210642031461 0.8239494556229136 0.8941064420666548 0.7709099693197098 0.8847069335155894 0.7927618182589387 0.9237215556520807 0.8458013045621424
0 0.9244232614612379 0.7885258067194294 0.8803940411144054 0.7185923274071566 0.8716953563234222 0.7359010253806524 0.9157245766702546 0.8058345046929252
0 0.9169217201490506 0.7920509875029953 0.8975789800098134 0.772043951237764 0.8939286870936627 0.7831976240371135 0.9132714272328999 0.8032046603023448
0 0.7257730827638087 0.7164309010410013 0.7001723612213974 0.6511305098603581 0.6879777296120553 0.66624035643355 0.7135784511544665 0.731540747614193
0 0.7537802445360829 0.6267224002898035 0.7383496798919397 0.6108406495449545 0.7198276981718323 0.6677162297763959 0.7352582628159756 0.6835979805212449
0 0.9190769798462654 0.6569248234466117 0.7966400104611356 0.6258297201107047 0.7878414511609038 0.7353229025135867 0.9102784205460335 0.7664180058494937
0 0.856420399025609 0.6373138664272249 0.8435366013248065 0.6036307351832968 0.7847369900131289 0.6747129319689691 0.7976207877139315 0.7083960632128972
0 0.8521809160438467 0.6807306720016238 0.846730054196664 0.6516594088166481 0.8336335144487867 0.6594203212598345 0.8390843762959694 0.6884915844448103
0 0.9527178044528771 0.7062718833534603 0.918990942740654 0.6343212450340524 0.9055871841000402 0.6541786652423693 0.9393140458122635 0.7261293035617773
0 0.9154137095921033 0.7088261939121016 0.8848494690531148 0.6988772705441679 0.8828255682064025 0.718528136884896 0.913389808745391 0.7284770602528297
0 0.8803925584020031 0.6599117687541123 0.8643627944946985 0.6409135300491593 0.860318247582902 0.6516989884806174 0.8763480114902066 0.6706972271855702
0 0.8826189145002399 0.6951376696862136 0.8651894928988243 0.6434949390153499 0.8540522556524976 0.6553746587447642 0.8714816772539133 0.707017389415628
0 0.9254891806848569 0.7101702575915643 0.9145517712978121 0.7055036295864251 0.912901034348121 0.717731310695248 0.9238384437351658 0.7223979387003872
0 0.921710718125582 0.6975512806245434 0.8809516589361959 0.6235040035894864 0.861267719109414 0.6577478100183004 0.9020267782988003 0.7317950870533574
0 0.8465187577047983 0.6272043920702077 0.8236558653592378 0.5908832013935731 0.8134418053266705 0.611203236167358 0.836304697672231 0.6475244268439928
0 0.858059917973548 0.5755362316103875 0.8324112374276753 0.5322348620557247 0.7889373524564601 0.6136203167493126 0.8145860330023328 0.6569216863039755
0 0.7867012705804457 0.6253493684656493 0.7522620901692842 0.5142178955422375 0.7362348302124726 0.5299153764875921 0.770674010623634 0.6410468494110039
0 0.8996573118049517 0.6255805912433949 0.8775566377166799 0.5440900398726478 0.8622328946263842 0.5572246768071869 0.884333568714656 0.638715228177934
0 0.8793386044592154 0.5185688859068878 0.7931079101520627 0.48443347835389894 0.7830895858567444 0.564418160404603 0.8693202801638971 0.5985535679575918
0 0.907426187007706 0.5208688262528204 0.8733175100417617 0.45220560726255343 0.859196607917892 0.47437521983220754 0.8933052848838363 0.5430384388224745
0 0.9250746227168176 0.48925385903647584 0.8814260088340902 0.47632093640455647 0.8796529468603593 0.4952335974576856 0.9233015607430868 0.5081665200896051
0 0.975994189808177 0.55763531660139 0.9201678581334891 0.4782378671085003 0.9059553800169404 0.5098211518119417 0.9617817116916284 0.5892186013048313
0 0.7586572622471671 0.5318550381182321 0.7506702097447446 0.4608590158744601 0.7387499281354355 0.46509733822443583 0.7467369806378581 0.5360933604682077
0 0.786782201122006 0.5421429981730631 0.7505849037926482 0.4614318869904651 0.7308100793369311 0.4894610676003705 0.7670073766662888 0.5701721787829686
0 0.8058238832202385 0.49205816867657926 0.8017354427024398 0.42664312039180263 0.7781489646360901 0.4313021777876249 0.7822374051538887 0.4967172260724016
0 0.8013105344958861 0.41925089412741356 0.7882770748374588 0.4146167751377505 0.7830173085553745 0.4613702532007217 0.7960507682138018 0.4660043721903848
0 0.8660490105910953 0.4243964204590768 0.8204196128364861 0.3883435629739544 0.8135370357025558 0.41587387150967664 0.8591664334571649 0.451926728994799
0 0.8572169335380585 0.4797873305064015 0.8451382095864244 0.4636823652375573 0.8401890199800446 0.475413777637866 0.8522677439316786 0.4915187429067104
0 0.8435649179436706 0.47062199965339424 0.8333236798917817 0.45848423603634064 0.8299099338744853 0.46758755874913077 0.8401511719263743 0.47972532236618437
0 0.8729713714078808 0.4485893200441777 0.8551234166870164 0.4485893200441777 0.8551234166870164 0.4918960690365453 0.8729713714078808 0.4918960690365453
0 0.7895820504558508 0.492736245462006 0.7659683850152625 0.4339644559209855 0.7560209858538166 0.4465960739037738 0.7796346512944049 0.5053678634447943
0 0.776505089016532 0.46460645940349177 0.7652931469106617 0.46343396872575393 0.7638792828367819 0.5061640829585785 0.7750912249426521 0.5073365736363163
0 0.9018414733587906 0.36419234745648066 0.8894784883918825 0.3498887881296875 0.8660483200977502 0.41389315029902435 0.8784113050646584 0.42819670962581746
0 0.8944371547883798 0.3632621611384232 0.8922423387348681 0.3515564755196941 0.8761068229128974 0.36111826267345454 0.8783016389664091 0.37282394829218357
0 0.8236724262059256 0.311294062347582 0.8177874249195864 0.2799073888204404 0.7886277259229308 0.29718721044808843 0.79451272720927 0.32857388397523
0 0.8194646131802583 0.348782600736558 0.7996945710279162 0.346830003980771 0.7989383520732151 0.3710290105312054 0.8187083942255572 0.3729816072869923
0 0.9322994799718541 0.282326822638421 0.9167149872841969 0.2707827539808976 0.8949437935158634 0.3636731807257905 0.9105282862035207 0.375217249383314
0 0.821068911152234 0.20990821634238976 0.806906846525149 0.20725800541802314 0.8033967267370251 0.2665400285063411 0.8175587913641101 0.2691902394307078
0 0.827194633199512 0.26676395660882846 0.8192012595532987 0.2505234514228707 0.8077266596275192 0.26837282908519405 0.8157200332737325 0.2846133342711518
0 0.9506489587687947 0.27404051223473447 0.9383002585600726 0.2657248891985578 0.9293519250754914 0.3077224010195258 0.9417006252842135 0.3160380240557024
0 0.9659404176605877 0.2025469591811283 0.9486761341705926 0.20223054619620295 0.9480658066038679 0.30747814436920945 0.965330090093863 0.30779455735413486
0 0.9636079220559057 0.2699056292347174 0.9547093286149912 0.2696126714259629 0.9542587847144918 0.3128648858739011 0.9631573781554063 0.3131578436826556
0 0.7679408397715066 0.36674283680947795 0.7548740939067077 0.2738237551042466 0.7394380249589327 0.280684230192147 0.7525047708237317 0.37360331189737833
0 0.7774671172669072 0.2320102489326371 0.7655707204180744 0.21667711521636365 0.7447219885186465 0.2678004424793286 0.7566183853674793 0.28313357619560203
0 0.775795992624918 0.21340683275270925 0.7627726682819624 0.1977447956343834 0.7452746874907837 0.24372982727883366 0.7582980118337393 0.2593918643971595
0 0.7827668434943229 0.1926078367842562 0.759371551495352 0.1926078367842562 0.759371551495352 0.21061658388999324 0.7827668434943229 0.21061658388999324
0 0.7854199178447216 0.1570191222657758 0.7654012659280764 0.1570191222657758 0.7654012659280764 0.19217905709126243 0.7854199178447216 0.19217905709126243
0 0.8105035298848554 0.1685961739766068 0.78107852345316 0.16859617397660678 0.78107852345316 0.1960380743282061 0.8105035298848554 0.19603807432820614
0 0.9362945552092363 0.1425277511345652 0.9178036541476389 0.11998646222137961 0.8858205221169672 0.20290569341200904 0.9043114231785646 0.22544698232519464
0 1.0003455541390005 0.1311533585592596 0.9766724794337496 0.12764623638070394 0.9753184966618219 0.156531202181827 0.998991571367073 0.1600383243603827
0 1 0.1544464457434781 0.9889830770934995 0.1544464457434781 0.9889830770934995 0.17502787100717762 1 0.17502787100717762
0 0.8889441895016899 0.20845781608867775 0.8801721748864985 0.1070923138686896 0.8641143134214996 0.11148420760270644 0.872886328036691 0.21284970982269458
0 0.875859425520727 0.08736067876698625 0.8687240644415268 0.06727595869220032 0.8366278348159916 0.1033138305524503 0.8437631958951919 0.12339855062723624
0 0.8817038166628027 0.1498685919623968 0.8691832919877922 0.13651336564238636 0.8510728673445629 0.19017388310381003 0.8635933920195734 0.20352910942382044
0 0.8758366917063115 0.1986793588727121 0.8738734166870165 0.1742474919659288 0.8600291923494809 0.17776348544847762 0.861992467368776 0.20219535235526087
0 0.8708006742121001 0.09776177000257281 0.8606707539651229 0.09776177000257281 0.8606707539651229 0.1453563159248779 0.8708006742121001 0.1453563159248779
0 0.8851389192907442 0.10746106236822398 0.8728299850004927 0.05275468774488504 0.8554893579767265 0.0650858002951189 0.867798292266978 0.11979217491845784
0 0.8993574017654831 0.14715719063545152 0.8934724004791439 0.14192607838092788 0.8878768254855757 0.16182145613583762 0.8937618267719148 0.16705256839036123
0 0.9061642254633728 0.1098899698163805 0.8838535926369055 0.09169149284420335 0.8780340426390852 0.11424017659644164 0.9003446754655525 0.13243865356861878
0 0.8974307306596855 0.17007420410922272 0.8880527512713776 0.10338635068125518 0.8742624396746523 0.10951537805757747 0.8836404190629603 0.176203231485545
0 1.0020759016320655 0.04618541690281002 0.988510331192297 0.03542286996283433 0.9820899798579705 0.060999112567563664 0.9956555502977391 0.07176165950753936
0 1.0037448167039593 0.08452211834068694 0.985712843736457 0.0652880138420178 0.980733008993195 0.08004307974797895 0.9987649819606974 0.0992771842466481
0 0.9882676413136166 0.08826598601503724 0.9851782595368499 0.07947841118334538 0.9780889413543747 0.08735543138609556 0.9811783231311413 0.09614300621778742
0 0.7745664318658176 0.020581425263699667 0.7581656086088071 0.020581425263699667 0.7581656086088071 0.0415916302203929 0.7745664318658176 0.04159163022039291
0 0.80170942329682 0.05217919033200927 0.7987131190479437 0.025545374786436554 0.7645756588749802 0.037683138403487595 0.7675719631238566 0.0643169539490603
0 0.8512973408828407 0.0060197206067448454 0.8258530917657093 0.004459919894583436 0.8244489273880743 0.07685239447487327 0.8498931765052057 0.07841219518703467
0 0.8797246515725322 1.8979639851483998e-16 0.8604295653878139 1.8769598380058327e-16 0.8604295653878139 0.014578509561787332 0.8797246515725322 0.014578509561787335
0 0.9101144123134635 0 0.903511043982562 -0.010781009519839143 0.8880645667613427 0.0191203192244471 0.8946679350922442 0.02990132874428624
0 0.9228254500977198 0.009146510467674082 0.9108992745899003 -0.009935370344837836 0.8748968824256234 0.06118046602903979 0.8868230579334428 0.0802623468415517
0 0.9158219096468393 0.04318775058318883 0.9070583633400776 0.030317614944273135 0.8806029573916989 0.08725088622499448 0.8893665036984606 0.10012102186391017
0 0.8875168979163608 0.05422413963705461 0.8838063044192995 0.044329223644891336 0.8707821212446146 0.05976529259266597 0.8744927147416759 0.06966020858482924
0 0.8883109649247317 0.0884143726953093 0.8813164961827715 0.06354515050167227 0.8741773142944256 0.06989108995797959 0.8811717830363859 0.09476031215161661
0 0.9190795765172232 0.07795595262226865 0.9190027589321488 0.06211445952248002 0.8844841694923722 0.06264348005029269 0.8845609870774466 0.07848497315008131
0 0.9253179912883565 0.0359303324378165 0.9193784260287903 0.011794956144975229 0.9148235204376436 0.015337660493644774 0.9207630856972098 0.039473036786486046
0 0.9397806073224678 2.0229386606466714e-16 0.9185560125192778 1.9998340987898482e-16 0.9185560125192778 0.012863390789812388 0.9397806073224678 0.01286339078981239
0 0.9668389877679963 0.04217524118910249 0.9645573272826059 -0.003457968518705032 0.9233981006894079 0.003046205560220061 0.9256797611747982 0.04867941526802758
0 0.9596310901623717 0.039104396035205644 0.9479520646229778 0.027033051808441694 0.9310571654929672 0.07869389892598495 0.9427361910323612 0.0907652431527489
0 0.9594379264270313 0.08199988294240364 0.9424838727565198 0.06279529117403657 0.9186965233715072 0.1291649326680225 0.9356505770420187 0.14836952443638957
0 0.9733623021189228 0.05663312866729234 0.9515770608937176 0.04256827117452823 0.932451841449358 0.13619253383290678 0.9542370826745632 0.1502573913256709
0 0.26760039751555703 0.1976250129061179 0.23854511931796382 0.1871328291125426 0.23475390632584867 0.22031404367601215 0.2638091845234418 0.23080622746958745
0 0.3083874726579666 0.04250064316953934 0.2907903540575034 0.01903781836892203 0.27892387605390173 0.04716576622931146 0.29652099465436493 0.07062859102992876
0 0.2991968127601986 0.12900254202332023 0.2725896746842127 0.07697080534139206 0.262757693268029 0.09286087631704237 0.2893648313440149 0.14489261299897058
0 0.30596921456779796 0.13164978034718716 0.27892120402967846 0.07610290813097226 0.27332202333905475 0.08471988935966016 0.30037003387717426 0.14026676157587506
0 0.3179283081867585 0.06639013684704818 0.2829199268912615 0.057109162468514864 0.28002401186264786 0.0916330122213993 0.31503239315814485 0.10091398659993261
0 0.490880409569818 0.19209330246119538 0.44172205966048933 0.18238301112108107 0.4399631478406019 0.21052560023928 0.4891214977499306 0.22023589157939427
0 0.4753619835468649 0.2310808803997481 0.47324423018512757 0.19719682661195018 0.4397307832356335 0.2038167667501215 0.44184853659737083 0.23770082053791944
0 0.49762529627323254 0.21234469463468877 0.49590414298664276 0.1886310271305631 0.4890471788890643 0.19020395079452376 0.4907683321756541 0.21391761829864941
0 0.49751603676992867 0.18892451594955867 0.49593360439685263 0.1636055979803429 0.4608318424260557 0.1705392793572905 0.46241427479913166 0.19585819732650622
0 0.6083137091052226 0.09089120598072015 0.6033083367478927 0.08891377492597252 0.600936176152242 0.10789105969117777 0.6059415485095719 0.10986849074592538
0 0.6225002801507838 0.13409995910631622 0.5984505150496224 0.08618471829174171 0.5851964256727696 0.10721000879040747 0.609246190773931 0.15512524960498197
0 0.505493599842068 0.012712056780520441 0.49221404052670303 0.006810030418135943 0.48469463194001133 0.06028138036794344 0.4979741912553763 0.06618340673032794
0 0.5658752147389222 0.0019262103131412437 0.5282943238006863 -0.006425098784244638 0.5264909753611146 0.019222523467442416 0.5640718662993505 0.027573832564828298
0 0.40929101671619417 0.34604865268332763 0.399464965677635 0.28840248659044687 0.39014015683800807 0.2934259526319967 0.3999662078765672 0.35107211872487754
0 0.43077294751499795 0.40771981094501236 0.40434753890489117 0.3523522881428838 0.3903923394921156 0.37340255527057215 0.4168177481022224 0.42877007807270073
0 0.44603550933468744 0.42247860656921066 0.42743173483738234 0.40522293167315954 0.4227312454169001 0.42123941414295096 0.4413350199142052 0.4384950890390021
0 0.32771603210218314 0.4055163360121354 0.3116817301900616 0.36024301296614514 0.30261085998293824 0.3703964150086865 0.31864516189505976 0.4156697380546767
0 0.3342798656116064 0.41306108830355026 0.31139003682754995 0.4002106581089921 0.30988822785246734 0.4086652864131609 0.33277805663652377 0.421515716607719
0 0.30744914114105176 0.4913124587585197 0.29904956721884535 0.4235415375400335 0.2771585650725974 0.4321165440304658 0.2855581389948038 0.49988746524895195
0 0.46845814381856377 0.545069161965908 0.4487223511723331 0.5361627529768398 0.43985743410891825 0.5982470206263442 0.4595932267551489 0.6071534296154124
0 0.4930028631617441 0.589314830987104 0.47944806511697946 0.5170225747483597 0.4604182863673011 0.528299480674095 0.47397308441206565 0.6005917369128394
0 0.5521191960206162 0.5642683129644579 0.5503907055488211 0.5253452682662554 0.5248947656174034 0.5289236458004893 0.5266232560891986 0.5678466904986919
0 0.5459163871904561 0.5732046093436871 0.5425958226558271 0.5561508458078145 0.5318350524972625 0.5627728582130851 0.5351556170318915 0.5798266217489577
0 0.5561867686664507 0.5805692191050594 0.5099267873604225 0.5545265629624063 0.5031472023572461 0.5925873910504141 0.5494071836632742 0.6186300471930672
0 0.5517585486731422 0.6316180115026705 0.5453840916339975 0.5995635989629713 0.5002382754862678 0.6279380737584019 0.5066127325254125 0.659992486298101
0 0.5236197345201071 0.6436818877512788 0.5175237708644309 0.6370127993074619 0.5062282783511451 0.6696442221236206 0.5123242420068214 0.6763133105674375
0 0.4948358963492924 0.6038933405488912 0.479515597918626 0.5834662759746695 0.45161490329552345 0.6496012558220241 0.46693520172618985 0.6700283203962459
0 0.48800659679383307 0.6662025891470902 0.4718896419019947 0.6353877823098648 0.458911204134264 0.6568414182300122 0.47502815902610235 0.6876562250672377
0 0.4429321145124003 0.7529371618335146 0.4343458011602006 0.7224080476923609 0.4009653020606381 0.7520796024475283 0.40955161541283774 0.7826087165886819
0 0.44594564600562775 0.7894659665255639 0.4310356798176149 0.7531937680798718 0.4166011132940374 0.7719463673241775 0.43151107948205025 0.8082185657698697
0 0.47058324721890615 0.8024361368073433 0.4484780865721446 0.7316996227377063 0.4325869448369945 0.7473945775378544 0.45469210548375605 0.8181310916074914
0 0.4986818997745725 0.6722263703640148 0.4798854506485604 0.6513414268906681 0.4513899687339097 0.7323952421145633 0.47018641785992177 0.7532801855879101
0 0.48058949487433633 0.744928369058935 0.47288858621658936 0.7290762062079003 0.4622448914854037 0.7454180405426499 0.46994580014315074 0.7612702033936847
0 0.5097395532175958 0.6931072679502339 0.4812521753771577 0.679843303664739 0.4763837487575135 0.7128895934465663 0.5048711265979516 0.7261535577320613
0 0.4859935461574024 0.7937174089425505 0.48113266867625226 0.7807550689928165 0.47573375513802824 0.7871537813344154 0.48059463261917845 0.8001161212841493
0 0.4805291515574654 0.8058183091470845 0.47169029957726094 0.7429642506211787 0.4546084732784368 0.7505561734206552 0.46344732525864124 0.813410231946561
0 0.49879805087780565 0.8141767937647756 0.48972014048352375 0.7182950735219024 0.4729281962647779 0.7233197256973687 0.4820061066590598 0.8192014459402419
0 0.5094349698593097 0.7928901583082506 0.502675171084461 0.7207856380431953 0.4883211914294779 0.725038669052079 0.49508099020432667 0.7971431893171343
0 0.561373142648157 0.5618070370606587 0.5602327597489604 0.5212600895336696 0.5470124980800044 0.5224352239042436 0.548152880979201 0.5629821714312325
0 0.5360224283444948 0.6690512189939564 0.48170285155063847 0.6642824221286521 0.4807772624231824 0.6976036307170708 0.5350968392170387 0.702372427582375
0 0.5420606138979973 0.6793585560475353 0.5333778251148741 0.6793585560475353 0.5333778251148741 0.7016551000832097 0.5420606138979973 0.7016551000832097
0 0.5304835621871664 0.6510590963099485 0.5215595848267341 0.6510590963099485 0.5215595848267341 0.6737844200386167 0.5304835621871664 0.6737844200386167
0 0.6895351569998797 0.6886444681858733 0.6776592304395271 0.6671798305508658 0.6385156520160493 0.7356276179580402 0.6503915785764018 0.7570922555930477
0 0.6772964679514786 0.7296014471324488 0.6619171492571886 0.7227661943794309 0.6585121340481206 0.746979635866136 0.6738914527424106 0.753814888619154
0 0.5906601122257565 0.7155904401055062 0.5741386946800915 0.686219031135435 0.5442313110937781 0.7393877130666588 0.5607527286394431 0.76875912203673
0 0.6269589931107578 0.7282394410488217 0.6146583756679999 0.7282394410488217 0.6146583756679999 0.7766915463571142 0.6269589931107578 0.7766915463571142
0 0.6144171870906897 0.6763570981965842 0.5829420777518718 0.6204013482608952 0.5720885917729662 0.6396964344456119 0.603563701111784 0.6956521843813009
0 0.6258381756044397 0.6740366433874365 0.6099481046287893 0.6669743896204808 0.5995628082411321 0.740825386154932 0.6154528792167824 0.7478876399218877
0 0.5506046514995676 0.3808247898875999 0.5353073337333459 0.3642054816971368 0.5161396167973189 0.4199661127837607 0.5314369345635406 0.43658542097422376
0 0.5498157543068554 0.4691575573206818 0.5366245944248029 0.45352359005306336 0.531244233854064 0.4678712182416997 0.5444353937361166 0.4835051855093181
0 0.5486281993857897 0.3841105446163844 0.5373951360503997 0.38094699762643963 0.5303542840026185 0.45996100394042877 0.5415873473380085 0.4631245509303736
0 0.555365408917832 0.45977376421858845 0.5542286427088193 0.3870207268417603 0.5415425326517501 0.3876472014124796 0.5426792988607628 0.46040023878930786
0 0.6714795669693208 0.4042333271548461 0.6564052808875095 0.3881540886675811 0.6360603150133289 0.4484354690355246 0.6511346010951402 0.4645147075227896
0 0.6539346879556428 0.40595235973740623 0.6434263511477155 0.3979460078837478 0.6409437721709318 0.40824411326892523 0.6514521089788591 0.4162504651225837
0 0.6648255997482673 0.3976502977506491 0.655371007517756 0.3640339698199393 0.6466882187346321 0.37175200429382643 0.6561428109651434 0.4053683322245362
0 0.690381373323135 0.3887239818125889 0.6478112465830644 0.3482022863679723 0.6375572745424095 0.3822481543199507 0.6801274012824801 0.4227698497645673
0 0.6503542851097287 0.320898732704769 0.6194821472141794 0.320898732704769 0.6194821472141794 0.3487694127493621 0.6503542851097287 0.3487694127493621
0 0.5724558538078682 0.2925701207242345 0.5546191962221094 0.29116427579136683 0.5518693660568755 0.40142907056519334 0.5697060236426343 0.40283491549806105
0 0.5955275814375521 0.24270161341209517 0.5943403290823316 0.21336328854531178 0.5455741869708011 0.21960036507436442 0.5467614393260216 0.24893868994114784
0 0.6314783887069984 0.2436197515540005 0.6272374389535276 0.2163446237277572 0.5799464090220721 0.2395842987798907 0.5841873587755428 0.266859426606134
0 0.6890012136210418 0.19249685851077458 0.6749555258836364 0.18694794483673902 0.6676858184122779 0.2451056046076197 0.6817315061496834 0.25065451828165525
0 0.7036378427553823 0.17697894383253138 0.6947324183624355 0.17038233317108953 0.6786412869472954 0.23903782720902228 0.6875467113402423 0.24563443787046413
0 0.6747606224391578 0.27755131740599 0.6387295256891946 0.269643257762651 0.636652935851532 0.29954615142499097 0.6726840326014952 0.30745421106833
0 0.6961205481956657 0.2498278431130648 0.6569684518076699 0.22623335941408426 0.6512584784803963 0.2561789973082304 0.6904105748683921 0.27977348100721094
0 0.7043181923272331 0.33220665885228523 0.7037921725768292 0.2597328265744202 0.6843633882835856 0.2601785047804301 0.6848894080339895 0.33265233705829517
0 0.7205436848071839 0.25815465900638174 0.703469298328176 0.25478194068954146 0.697771953520281 0.34593945761588113 0.7148463399992889 0.34931217593272146
0 0.718272982591544 0.3335048465190626 0.7120020795815106 0.3335048465190626 0.7120020795815106 0.34722579669486225 0.718272982591544 0.34722579669486225
0 0.7223448132790541 0.315269098399387 0.7158185341283404 0.31236852988795927 0.7132080224680556 0.3309321683611002 0.7197343016187693 0.33383273687252785
0 0.6869184675413769 0.283337622438795 0.6808405153931906 0.2817940155440175 0.6774059900523105 0.32453477534163344 0.6834839422004968 0.326078382236411
0 0.6946365020152642 0.29963125077255715 0.684988958922905 0.29963125077255715 0.684988958922905 0.33950776222097495 0.6946365020152642 0.33950776222097495
0 0.7035604793756963 1.5223047365841098e-16 0.6948776905925731 1.5128528703699547e-16 0.6948776905925731 0.009861932938856162 0.7035604793756963 0.009861932938856163
0 0.6969741512687657 0.05222130288412644 0.6922075258203986 -0.004675559610669443 0.6718953459097565 0.0007026062285548424 0.6766619713581237 0.05759946872335073