1 0.45007570026062654 0.9923449609056632 0.395508607600459 -0.012468004622578533 0.2636374981059918 0.010165415838927197 0.31820459076615937 1.014978381367169
0 0.01689659977703455 0.025726781579624373 0.0004957765200240108 0.02572678157962437 0.0004957765200240127 0.0814681416688105 0.016896599777034553 0.0814681416688105
0 0.033297423034045086 5.6215266032952864e-18 8.418068346981818e-19 1.9968525998731828e-18 2.6288002908118654e-18 0.05188234285224248 0.033297423034045086 0.05188234285224249
0 0.051165938092647315 0.12171438773774423 0.042948129255286974 0.05962427652213273 0.01834689436977116 0.06991498915398248 0.026564703207131495 0.13200510036959398
0 0.07623802772115845 0.1556435630338597 0.07084610732938548 0.11120106768348882 0.03360081380873499 0.12548248742125467 0.03899273420050796 0.16992498277162554
0 0.0401751172159509 0.20402734721958662 0.010463085463747517 0.15600790196350045 -0.006376460906739059 0.188938570421341 0.023335570845464323 0.2369580156774271
0 0.0429699201596914 0.1886332798011109 0.02838502164550078 0.187881723033874 0.02762151933697431 0.23470986462349755 0.042206417851164926 0.23546142139073442
0 0.09359403585804993 0.1796297370926479 0.08041397037604088 0.1261772493045001 0.05838680568078218 0.14334301539882655 0.07156687116279123 0.1967955031869743
0 0.14517738286068607 0.1191380868509759 0.1335168427961713 0.04312864050450877 0.11968003964563005 0.049837393547195394 0.13134057971014484 0.12584683989366255
0 0.19356830875004916 0.06504008924331275 0.190061102572928 0.03732883055988631 0.136038304757118 0.05893794968621026 0.13954551093423917 0.0866492083696367
0 0.1575615720412514 0.07986672178171929 0.15325481124539775 0.06256878541647995 0.13435668351915384 0.07743944329942597 0.1386634443150075 0.0947373796646653
0 0.0974616886341729 0.10565845344650542 0.06951518251929131 0.02354402807191504 0.04401251701459658 0.05097546659797323 0.07195902312947816 0.1330898919725636
0 0.09416203226334027 0.04376737439200289 0.07076290171937241 0.03500980506560557 0.06852886853114176 0.05387497421066434 0.09192799907510962 0.06263254353706166
0 0.09981723265586133 0.06757567961581337 0.07847204356401674 0.05492667867249805 0.07408241145699333 0.07833804990995624 0.09542760054883792 0.09098705085327155
0 0.10905794067630686 0.1524756768651511 0.09194720387099066 0.09772131908813925 0.07376249528746842 0.11568152509655628 0.09087323209278464 0.17043588287356812
0 0.10775832815793504 0.11761235803158981 0.10729407855243969 0.09450304433582019 0.09097436839658783 0.09553921640920755 0.09143861800208318 0.11864853010497718
0 0.07550542406311635 0.2135322871108823 0.05596914930108907 0.2135322871108823 0.05596914930108907 0.266700969042106 0.07550542406311635 0.266700969042106
0 0.12059582418400003 0.2348470043143148 0.09394900747476664 0.21369873708476453 0.08337095487516125 0.25582289321474877 0.11001777158439463 0.27697116044429904
0 0.14392711265336477 0.23827241870819066 0.14125274520489825 0.2195518465689251 0.11760987099059267 0.23022658342758864 0.12028423843905917 0.2489471555668542
0 0.11437656869271695 0.27683254694253534 0.09564591350850524 0.26203301692044223 0.08860420164315447 0.29019986438184536 0.10733485682736618 0.30499939440393853
0 0.16453350147654217 0.2762557789332217 0.11493373790254233 0.24706192409687353 0.10753062297199592 0.2868137974654312 0.15713038654599576 0.31600765230177935
0 0.15995108045453446 0.3213071173211529 0.15898830310085024 0.30247947129355085 0.13639367810032307 0.3061311278592927 0.1373564554540073 0.32495877388689476
0 0.13519397022744128 0.16827413091546994 0.1329776509804671 0.13149964859530575 0.11107420005551957 0.13567173448577197 0.11329051930249377 0.17244621680593614
0 0.15486628815702713 0.19546145425774342 0.12857564187931994 0.1529715208796308 0.11869891507096587 0.17228600886041212 0.14498956134867308 0.21477594223852473
0 0.16739827201783714 0.2148186261898635 0.14964679272789633 0.15170225538118506 0.1348860517965868 0.1648229139867935 0.15263753108652764 0.22793928479547196
0 0.16956896921361794 0.12606122974015946 0.13025523111225443 0.12606122974015946 0.13025523111225443 0.1642226224166023 0.16956896921361794 0.1642226224166023
0 0.16458564214706478 0.08373737573634668 0.14267829814041544 0.07886907706820229 0.13924599915563377 0.12768399596287422 0.1611533431622831 0.13255229463101859
0 0.19923516422262225 0.135494382986022 0.16296040219535196 0.10325015007289255 0.15775072892547798 0.12177343281022208 0.19402549095274826 0.15401766572335154
0 0.2027934471674818 0.14407142103482545 0.19626405239153485 0.10412688828785592 0.15950608460624857 0.1231167595843381 0.1660354793821955 0.16306129233130764
0 0.19746344099100613 0.2523819725213012 0.16665638546708297 0.20535284428188225 0.15704197402560205 0.22525778611290884 0.1878490295495252 0.27228691435232777
0 0.1987378305219085 0.22012727399123855 0.19253417488325258 0.176701684520647 0.16540996476395037 0.1889482414704554 0.17161362040260628 0.23237383094104697
0 0.1745001312942198 0.22574155413547034 0.16227521537572664 0.16597529853394893 0.15396741321279908 0.17134599892210417 0.16619232913129223 0.2311122545236256
0 0.17558194170605196 0.15964835228613974 0.15680428611343472 0.14207861605912947 0.14982498975486253 0.16565312820363995 0.16860264534747976 0.18322286443065025
0 0.03522693165251694 0.3232998885172796 2.2389108094779708e-17 0.3232998885172796 2.427948133761071e-17 0.37818368922047824 0.03522693165251694 0.37818368922047824
0 0.08346464711431263 0.3957636566332216 0.03136791441557328 0.3957636566332216 0.03136791441557328 0.42363433667781464 0.08346464711431263 0.42363433667781464
0 0.08092743832884239 0.4325585486073473 0.08015779712469491 0.4170191261997982 0.032348383802657144 0.42450291975964194 0.03311802500680462 0.44004234216719107
0 0.2231810315256572 0.20718339055324397 0.21497063968015978 0.19076260686224916 0.1891019172366478 0.231641575661873 0.1973123090821452 0.24806235935286777
0 0.2562762627561957 0.23175542406311628 0.2228716447989022 0.17236943658348342 0.20490309578938332 0.20431352371151698 0.2383077137466768 0.26369951119114987
0 0.256289478568651 0.30186971440922955 0.23921630085297768 0.23509461934348527 0.22475159412066664 0.24678327124838312 0.2418247718363399 0.31355836631412737
0 0.23820203833909298 0.266331864873395 0.22669460807325842 0.25846353648649956 0.22073948804588725 0.28598942461301513 0.2322469183117218 0.29385775299991057
0 0.24499055830910527 0.3144586789183822 0.2277637175351162 0.27945811353630906 0.21762099081500763 0.2952356884342557 0.2348478315889967 0.3302362538163288
0 0.2471958055709393 0.2852187451334175 0.23405716642299745 0.2776618807868888 0.22991238699539718 0.30043723440925796 0.243051026143339 0.30799409875578665
0 0.21955406650477607 0.3203687087038093 0.2098933462803883 0.3198320020246766 0.2097439270154213 0.32833229798724517 0.21940464723980907 0.3288690046663778
0 0.22972140039447717 0.3086356230168942 0.21683228282308553 0.29145013292170485 0.20693390361032485 0.3149129577223221 0.21982302118171648 0.3320984478175114
0 0.2293954698846002 0.33277244314033594 0.2217334954584117 0.3070433438326413 0.19930426149071623 0.3281532110963547 0.2069662359169047 0.3538823104040493
0 0.19634090129491455 0.3400222965440355 0.15099744876082657 0.3400222965440355 0.15099744876082657 0.37646857044850335 0.19634090129491455 0.37646857044850335
0 0.1696802870185298 0.38388975744262577 0.16831664390835982 0.37176848535222584 0.1542627710382405 0.37676541792826823 0.1556264141484105 0.38888669001866816
0 0.18753686636211706 0.398415137545572 0.17622055905918763 0.3707530530273002 0.1506076358710137 0.40386875169483843 0.16192394317394312 0.4315308362131102
0 0.19188802606709238 0.3710014409710523 0.1784933704555568 0.35552317226438906 0.1704425889989146 0.3775424035987952 0.18383724461045017 0.39302067230545845
0 0.19648561444129992 0.44773175542406274 0.184860325015007 0.4063973930194664 0.17569515907726582 0.41454420718634766 0.18732044850355875 0.455878569590944
0 0.15442232655861407 0.4328959780464794 0.12335723780121766 0.40528256581768257 0.1157839164737157 0.4322099305376894 0.1468490052311121 0.4598233427664863
0 0.16672947548329628 0.46531184379017504 0.146979226651978 0.4413721482370619 0.14048346376944632 0.45830924849373705 0.16023371260076463 0.4822489440468502
0 0.0561044502103112 0.49950742625512135 0.048362885143515624 0.48230394832890927 0.03177381714323961 0.5058972894848578 0.039515382210035185 0.5231007674110698
0 0.04608041763142094 0.5252551239173308 0.03884476031215146 0.5123917331275186 0.02545879427150327 0.5361890060886715 0.03269445159077275 0.5490523968784836
0 0.030188553731779394 0.5374608648535665 0.014189295297083099 0.5235948408768297 0.0013201292978912427 0.5705251328396945 0.017319387732587538 0.5843911568164314
0 0.0892971754467742 0.4920454766578102 0.08684678750626906 0.4709902913912475 0.04988058155531541 0.48458705679849473 0.05233096949582054 0.5056422420650574
0 0.10630954548431258 0.4254991636684715 0.08654806061831637 0.39712369821986154 0.07753361055072888 0.41696502746915465 0.0972950954167251 0.4453404929177646
0 0.038621067279310806 0.6207339145276402 0.023639882487704322 0.6051978710400481 0.006739186531607683 0.6567047539538657 0.021720371323214166 0.6722407974414578
0 0.020514428436669268 0.6529457112567394 4.497906798605013e-17 0.6529457112567394 4.6441153541052235e-17 0.6953949008631197 0.02051442843666927 0.6953949008631197
0 0.09816296276678915 0.6163985480127435 0.08648659811236038 0.53336662158125 0.057543968835282976 0.5462300123710623 0.06922033348971174 0.6292619388025558
0 0.12608437608088935 0.600151731839979 0.10177034988771827 0.5615997623805367 0.092402558070342 0.5802722632421082 0.11671658426351308 0.6188242327015506
0 0.12389958616965295 0.5508497897628248 0.08125809756244544 0.4967018677219259 0.06851421462625477 0.5284199763631113 0.11115570323346229 0.5825678984040102
0 0.16498072074125353 0.48809430788094843 0.13199793998695813 0.4706619673021017 0.12637306624675032 0.5042975759304151 0.15935584700104571 0.5217299165092619
0 0.20502369007803778 0.23582883114655676 0.19947635279993126 0.23582883114655676 0.19947635279993126 0.25426635794528757 0.20502369007803778 0.25426635794528757
0 0.2221804533726543 0.2508764084261827 0.20594473907460695 0.23067196396639053 0.20170694246121834 0.2414346220321394 0.2179426567592657 0.2616390664919315
0 0.2286892796205447 0.22856175462564574 0.21299954682422095 0.21660767249511317 0.2084834986352976 0.2353409094269431 0.22417323143162132 0.24729499155747567
0 0.203618142851651 0.4647676161919036 0.19829536045586654 0.4411108055439733 0.16993491050332815 0.46127823662133444 0.17525769289911258 0.4849350472692647
0 0.16614460782630167 0.4915832808239974 0.14973818493767552 0.4905889521640807 0.14847518802678075 0.5564519021840749 0.1648816109154069 0.5574462308439916
0 0.18463620516778473 0.5120341968296688 0.15254105565560422 0.491896063802418 0.14544343241442548 0.5276470549431697 0.177538581926606 0.5477851879704204
0 0.171691428693937 0.5293714089700708 0.16845950175799657 0.5178801131978387 0.16411810736643498 0.5217391304347824 0.1673500343023754 0.5332304262070146
0 0.18379909527484772 0.51024783466255 0.1705337235228539 0.51024783466255 0.1705337235228539 0.5308292599262496 0.18379909527484772 0.5308292599262496
0 0.17415155218248857 0.5552697024268927 0.1659511405539833 0.5552697024268927 0.1659511405539833 0.5865706200154357 0.17415155218248857 0.5865706200154357
0 0.1895559898414358 0.5456467614480661 0.1828920215511206 0.5399274936433511 0.17176571570608012 0.5809005564377855 0.1784296839963953 0.5866198242425005
0 0.19129517518505612 0.5104771704269995 0.17457690908102247 0.42846822723355044 0.15283894952362148 0.4424738924517417 0.16955721562765513 0.5244828356451907
0 0.19243364634250915 0.5113626618643338 0.18396792727896394 0.506345939456307 0.17769702426893047 0.5397907555098187 0.18616274333247568 0.5448074779178455
0 0.11225122591173638 0.6427622064692444 0.09283973964632326 0.5726978520028374 0.07740146549642554 0.5862159428007578 0.09681295176183866 0.6562802972671649
0 0.09796348624219522 0.5694331557297414 0.08817426887473609 0.5550212523832043 0.07255883666201124 0.5885436896700603 0.08234805402947037 0.6029555930165973
0 0.09817715033016032 0.5394048537861243 0.08828841866049221 0.5394048537861243 0.08828841866049221 0.5599862790498239 0.09817715033016032 0.5599862790498239
0 0.08011787278452423 0.6797976224206242 0.06714201782758161 0.6265021568503465 0.04419109202545389 0.6441625707345708 0.05716694698239651 0.6974580363048486
0 0.12973826381211048 0.6515006985862238 0.1243336045164516 0.6284770765971697 0.06980022785504127 0.6689357847414181 0.07520488715070016 0.6919594067304723
0 0.15875548524265792 0.6165391831433105 0.12125007320628906 0.6022514071294556 0.11688044210323757 0.6385031614658822 0.15438585413960643 0.6527909374797372
0 0.1548564659977703 0.5861418403224419 0.10372448760826684 0.5861418403224419 0.10372448760826686 0.6200154360689474 0.1548564659977703 0.6200154360689474
0 0.17776938084212318 0.6174427579109848 0.1729938470114054 0.5919732441471567 0.15859488894605941 0.6005059600377322 0.16337042277677719 0.6259754738015603
0 0.1635874924963552 0.6091244318669065 0.1507562601835176 0.597718892033273 0.14684900523111216 0.6116113540862701 0.15968023754394978 0.6230168939199037
0 0.2200490220426724 0.3807691034089258 0.190557151450931 0.37552610419261606 0.18955896506167202 0.3932716400016638 0.21905083565341343 0.39851463921797353
0 0.2334050736868063 0.39778489312713133 0.19558117490345373 0.3464360850818527 0.18736343839071495 0.36556732352420757 0.22518733717406753 0.4169161315694862
0 0.24205751351465038 0.3775041138579975 0.20857553318350303 0.3444354913087165 0.20157878907760574 0.366825072447588 0.2350607694087531 0.39989369499686894
0 0.14198572087850442 0.5770180146305689 0.11008033312348976 0.5601224901456439 0.10553275007706442 0.5872636207084364 0.1374381378320791 0.6041591451933614
0 0.19937655063001022 0.6109962770094233 0.17247986583631222 0.5905035647856541 0.16273667899777916 0.630919747226978 0.18963336379147716 0.6514124594507471
0 0.21310350741788855 0.627519080696338 0.20225002143898455 0.6082239945116198 0.1817489923677214 0.6446702684160875 0.19260247834662542 0.6639653546008057
0 0.2168388431523881 0.6527440185232825 0.20888116370808665 0.6269465740502528 0.19369419432295676 0.6417525083612037 0.2016518737672582 0.6675499528342335
0 0.235513455838829 0.6154138979002339 0.21424904003225576 0.6033855414843947 0.2067703840900691 0.6451710477010567 0.22803479989664233 0.657199404116896
0 0.23830771374667686 0.6543178115084465 0.2120181588199982 0.6543178115084465 0.2120181588199982 0.6971957808078204 0.23830771374667686 0.6971957808078204
0 0.07953141800742777 0.7012856794179148 0.06586991244137497 0.678195810855572 0.025297625968619147 0.7540643169182067 0.038959131534671954 0.7771541854805495
0 0.07132099188255361 0.7477556242435481 0.037233980221294316 0.6843159080962045 0.02708456261000125 0.7015514033432427 0.06117157427126055 0.7649911194905864
0 0.07907029019205042 0.7563399989806413 0.07082437259966687 0.7326957908304375 0.03839876005362014 0.7684360215478577 0.04664467764600369 0.7920802296980616
0 0.08854098405748556 0.6920140186689056 0.07584445328971098 0.6794742351945605 0.06482031501554128 0.714751477671904 0.07751684578331586 0.7272912611462492
0 0.10298327393165907 0.7133429965634883 0.0913826916279202 0.6875639247774008 0.06361659199625194 0.7270534886979939 0.07521717429999081 0.7528325604840814
0 0.075368533248968 0.7377560220369581 0.06537550381613927 0.7250664608524136 0.060437656591502686 0.7373562139448422 0.07043068602433142 0.7500457751293867
0 0.09876630309976735 0.8259496601985057 0.08045572804285882 0.7481862303271904 0.06044373572798009 0.7630788757708212 0.07875431078488862 0.8408423056421364
0 0.1519304219037384 0.764768828923713 0.14153841587419813 0.6797853129488057 0.12221285459848413 0.6872541289007724 0.1326048606280244 0.7722376448756797
0 0.16901668122394334 0.7271465934680695 0.1378935033330875 0.6489627649499773 0.12239920071367436 0.6684564516643159 0.1535223786045302 0.746640280182408
0 0.1678180737984933 0.7174963931743452 0.15844634837388805 0.6647370500432339 0.14826539578309747 0.6704526725503445 0.15763712120770274 0.7232120156814558
0 0.19868207082014852 0.7176607767241528 0.1945212337212222 0.6711650732694846 0.16053515080840622 0.6807772987397762 0.16469598790733253 0.7272730021944445
0 0.2529754548903165 0.6998293119789807 0.238872769081726 0.6670435808684114 0.2276732986152849 0.6822690047705015 0.24177598442387538 0.7150547358810706
0 0.19537614698567868 0.716062087299545 0.1613685575851127 0.716062087299545 0.1613685575851127 0.7602263956779002 0.19537614698567868 0.7602263956779002
0 0.16452083220797734 0.7230525696110859 0.14786199725580992 0.7224937826944513 0.14753308813543697 0.7534843309251475 0.16419192308760439 0.754043117841782
0 0.19244348892105273 0.7651659251073127 0.1819036388986297 0.7308727443215675 0.12430580100952797 0.7868211595907064 0.134845651031951 0.8211143403764517
0 0.1583911261824708 0.7743169835200736 0.15335111660146244 0.7534102771099652 0.1292197835993245 0.7717960546354039 0.13425979318033288 0.7927027610455123
0 0.12901469315725517 0.8894370437882415 0.12607031091613286 0.8389959096372975 0.06278677756728543 0.8506708591859318 0.06573115980840773 0.9011119933368756
0 0.12286062656662743 0.8174902751359788 0.09971126783828958 0.8078068832496154 0.09572572544603629 0.8379198702133068 0.11887508417437413 0.8476032620996704
0 0.1436294318564487 0.8073660168039803 0.12443729201570375 0.8035749768354381 0.1200664843830069 0.8735078989585877 0.13925862422375185 0.87729893892713
0 0.190984116318218 0.8990700191029417 0.17044977390754734 0.8662150712458689 0.154295469362151 0.8981248086194916 0.17482981177282164 0.9309797564765643
0 0.14873736991580783 0.9465816378899525 0.1289286939370551 0.9438727591236273 0.1265051752625787 0.9998829684893035 0.14631385124133142 1.0025918472556288
0 0.036397289339130806 0.8915089177636781 0.023989916296580177 0.8731276243673075 -0.0025803663184411074 0.9298108939460216 0.009827006724109522 0.9481921873423923
0 0.025470260613703305 0.9567031127895531 0.0037324481492884837 0.9476101716279679 0.0012715338785162233 0.9662037461182472 0.023009346342931045 0.9752966872798324
0 0.05241708833859235 0.9071108325564734 0.04420951883600832 0.8838084130068482 -0.00036931233745154946 0.9334330308863381 0.007838257165132478 0.9567354504359632
0 0.25045907382119453 0.7559676939470342 0.23663675780528448 0.7503279875944588 0.2284033420722508 0.8141042872408146 0.24222565808816085 0.8197439935933901
0 0.24629802386468944 0.8551525911446275 0.24596008088551002 0.8127970710874736 0.2037280762258381 0.8138620231356293 0.20406601920501752 0.8562175431927832
0 0.24462685447217208 0.8680216314330349 0.23758414801474986 0.8617614479153262 0.2289495969470884 0.892462073933678 0.23599230340451063 0.8987222574513866
0 0.25277902838521565 0.8428951414236017 0.24071959951976665 0.8428951414236017 0.24071959951976665 0.8952062639688378 0.25277902838521565 0.8952062639688378
0 0.26730244367537376 0.7766638257957532 0.2556624093097979 0.7761651897854474 0.25479156913685935 0.8404138425444739 0.2664316035024352 0.8409124785547797
0 0.2801634479583872 0.9184495683309363 0.2754739392070368 0.9075073812444518 0.2651914161442874 0.9214350315305038 0.2698809248956378 0.9323772186169883
0 0.2354134508189691 0.9685275914707674 0.20767676442843658 0.9685275914707674 0.20767676442843658 1 0.2354134508189691 1
0 0.2889450830511136 0.8090834371542386 0.28109030186759476 0.7799916549930573 0.26019408735106586 0.7978230913804951 0.2680488685345847 0.8269148735416763
0 0.32822703758632327 0.8113076173993277 0.29862749007501105 0.780562519360112 0.28346164313422806 0.8267081732995885 0.3130611906455403 0.8574532713388041
0 0.37166742973386935 0.8840661691676395 0.3550020656558788 0.8632469756047446 0.3390902242284639 0.9035025744296578 0.3557555883064545 0.9243217679925527
0 0.31455122445591566 0.7513324034936364 0.3039899128922443 0.7251247044282297 0.2774346351166653 0.7589463517443901 0.2879959466803366 0.7851540508097967
0 0.36172249588773703 0.786649334636776 0.33827192131425105 0.7565399549374854 0.3290500051230254 0.7792400563312718 0.3525005796965114 0.8093494360305622
0 0.3624416585827559 0.7328318298841059 0.3464733113954031 0.7214765607730989 0.3376241856624113 0.7608060084752828 0.3535925328497641 0.7721612775862898
0 0.5065335724086921 0.8251111968542172 0.48846011787313637 0.7724170360749972 0.4751750828719951 0.7868181580274539 0.4932485374075508 0.8395123188066739
0 0.5313036092384099 0.9762456259446546 0.5139380316721635 0.9762456259446546 0.5139380316721635 1 0.5313036092384099 1
0 0.5485250593720755 0.9270817389083569 0.5327998988251327 0.920304565339304 0.5228829273827525 0.9930290225834235 0.5386080879296954 0.9998061961524763
0 0.5522759713787718 0.7820901275006121 0.5349453073731992 0.7809051248335644 0.5333813223593346 0.853195987696645 0.5507119863649071 0.8543809903636926
0 0.5559701382691641 0.9540106745720622 0.5529006471761739 0.8503300865421699 0.5382034680964535 0.8517052611929039 0.5412729591894436 0.9553858492227962
0 0.5731350953424713 0.8326702522689469 0.5575483161269296 0.818302192415937 0.5427750594640407 0.8689533581172699 0.5583618386795824 0.8833214179702797
0 0.5876070794203044 0.9502424748240712 0.5858655484767988 0.900086383651107 0.5722441434195212 0.9015811880469672 0.5739856743630268 0.9517372792199313
0 0.5783878682194914 0.9794804738348896 0.5599827084443716 0.9134658656746159 0.5407165373646785 0.9304424338144034 0.5591216971397983 0.996457041974677
0 0.5612049141165936 0.7820144683211421 0.5552067059263502 0.7800024907311234 0.552285745603698 0.8075244279934465 0.5582839537939414 0.8095364055834653
0 0.5796722227113007 0.7355420617310294 0.5610354627253027 0.7325300601171314 0.5581728310864229 0.788510412166347 0.5768095910724209 0.7915224137802449
0 0.5895747930698311 0.9771031853306421 0.5710032726170398 0.9771031853306421 0.5710032726170398 1 0.5895747930698311 1
0 0.5942732442080759 0.9993690148074622 0.5930060182649036 0.9528101949694272 0.5773731424427301 0.954154958481012 0.5786403683859024 1.000713778319047
0 0.6084453873584859 0.9931052434731679 0.5964341962084984 0.9646342718583844 0.5893721946648915 0.9740502739165273 0.601383385814879 1.0025212455313108
0 0.6370889427996999 0.9428008098911429 0.5866805301421234 0.9428008098911429 0.5866805301421234 0.9745305071726796 0.6370889427996999 0.9745305071726796
0 0.625830658990298 0.7785877925337172 0.6041602601424322 0.7387341854571826 0.5975396960358291 0.7501117474774192 0.6192100948836949 0.7899653545539538
0 0.6375713199543177 0.8060200878261382 0.6229794110271232 0.7800789164000186 0.6129700850688017 0.7978732736592595 0.6275619939959962 0.8238144450853793
0 0.6391665231412229 0.8175209458771312 0.6223639067233049 0.8025036712158226 0.5959961708926904 0.8957460993704596 0.6127987873106084 0.9107633740317682
0 0.6825387987894678 0.8569497659649933 0.676708393088019 0.8192732113087172 0.6132976158217922 0.8502863425480945 0.6191280215232411 0.8879628972043706
0 0.7418447540373263 0.8087705526860753 0.7374115903334226 0.771991713068505 0.7221590600103319 0.7778022008106351 0.7265922237142356 0.8145810404282054
0 0.7414270860132062 0.968527591470767 0.7291102086663599 0.9334929181286271 0.7182702726075294 0.9455372915273278 0.7305871499543757 0.9805719648694678
0 0.7258295829777685 0.9063838709713722 0.7110351251484223 0.9009422313100038 0.7093058278005103 0.9158013788920631 0.7241002856298565 0.9212430185534315
0 0.7533692052593413 0.9667190421042101 0.7270026952223928 0.913595407066803 0.7152445174593415 0.9320396074794323 0.7416110274962899 0.9851632425168396
0 0.8051565612470619 0.9641360670376729 0.7686948407238361 0.9088012066230221 0.7533802790290487 0.9406943890731194 0.7898419995522745 0.9960292494877702
0 0.8581816525169372 0.946419710500012 0.8009813695223398 0.9318926545013801 0.7970114055398331 0.9812966507281176 0.8542116885344305 0.9958237067267492
0 0.8278682509238227 0.8000596175288934 0.8127884901958682 0.750675605788224 0.8033622140517969 0.7597727103844073 0.8184419747797511 0.8091567221250766
0 0.8510950770428111 0.8017080203475425 0.8245757103585077 0.7755160532519348 0.8168053425140723 0.8003812303541286 0.8433247091983757 0.8265731974497362
0 0.8470465311357246 0.7652306568852096 0.8201716018373701 0.76299107944368 0.8193956855518787 0.7924184230119481 0.8462706148502331 0.7946580004534777
0 0.7769455979553074 0.7125423040559136 0.7492801620829918 0.7106863419009574 0.7485429635804313 0.7454165824660284 0.7762083994527469 0.7472725446209846
0 0.9609342643088022 0.842542028735255 0.9406318611247353 0.7823867600417206 0.9217624018411507 0.8025141832775433 0.9420648050252176 0.8626694519710777
0 0.9663113508264555 0.8317468694057646 0.9412277387863217 0.8317468694057646 0.9412277387863217 0.8579024306783827 0.9663113508264555 0.8579024306783827
0 0.9446335633118829 0.7806072011470914 0.9216084968213827 0.762121126258661 0.9147034575519076 0.7893028681448482 0.9377285240424078 0.8077889430332786
0 0.7923661488712203 0.7076580262533763 0.7893271727971272 0.6968527779899338 0.7783289736718377 0.7066289549901911 0.7813679497459309 0.7174342032536336
0 0.8931495788448996 0.7401133507076718 0.887082758477205 0.6538296832560083 0.8698062351548879 0.6576689106609674 0.8758730555225825 0.7439525781126309
0 0.9701681104480112 0.7007797578116021 0.9462844209867202 0.6939861750315015 0.9399977146689692 0.7638384674509575 0.9638814041302602 0.7706320502310581
0 0.8113075816875778 0.684416824709616 0.772005168259492 0.5956618250161613 0.7562179670313367 0.617756442337835 0.7955203804594224 0.7065114420312897
0 0.7978134887410268 0.5661352599379765 0.793730892813657 0.5456810419584279 0.7825985464741121 0.5527035973554171 0.7866811424014818 0.5731578153349656
0 0.8374966006372789 0.5757171419069187 0.7889404454890608 0.5627688338673936 0.7864513086068573 0.5922697154342491 0.8350074637550754 0.6052180234737742
0 0.8297986160695737 0.4664265448044629 0.8124330385033273 0.4664265448044629 0.8124330385033273 0.515736209498743 0.8297986160695737 0.515736209498743
0 0.8872014974691106 0.5967755976451953 0.8669416569751563 0.5967755976451953 0.8669416569751563 0.6670954672961686 0.8872014974691106 0.6670954672961686
0 0.9392924981887868 0.6179815356753893 0.9313792095800939 0.5886589347799918 0.874290650259878 0.6373510393254296 0.882203938868571 0.6666736402208272
0 0.7676062147561377 0.7241485380438035 0.7404275445415094 0.7040161897366708 0.7354467863473771 0.7252674246983012 0.7626254565620054 0.7453997730054339
0 0.7775353992201256 0.6835408760522295 0.7109417389365845 0.6756482940926986 0.7097614089963026 0.707123759166885 0.7763550692798437 0.7150163411264159
0 0.7482768769391389 0.649515499883425 0.7428129097691101 0.6376161936020287 0.7270601790876179 0.6604772993529472 0.7325241462576468 0.6723766056343435
0 0.7521358941760826 0.6370808887866068 0.735493882341763 0.6370808887866068 0.735493882341763 0.6486579404974377 0.7521358941760826 0.6486579404974377
0 0.7749282147317811 0.6437269740280098 0.7596127400726609 0.6164994635229072 0.7265699049813308 0.6752422814630494 0.741885379640451 0.702469791968152
0 0.7672271692916304 0.6315532946843179 0.7610485083795239 0.6110825797431974 0.7389735706615072 0.6321405149105193 0.7451522315736137 0.6526112298516398
0 0.9192795782512047 0.5923162783698059 0.8788219237980567 0.5370272086409386 0.8595493582757725 0.5815985696128287 0.9000070127289205 0.6368876393416961
0 0.9040620448099419 0.5538184949949927 0.8967864114833839 0.5421774816724995 0.8883194931396199 0.5589022586478352 0.8955951264661781 0.5705432719703284
0 0.9313004169442839 0.5739302051342345 0.9301330642301087 0.5365749182806199 0.8986479362888449 0.5396845605464231 0.8998152890030201 0.5770398474000378
0 0.9639853281868878 0.5473407031099256 0.9455614151434093 0.5246651178256445 0.9270583922465738 0.5721790531656668 0.9454823052900522 0.5948546384499478
0 0.9939797168036015 0.5671963750181684 0.9574602485736354 0.5302790912301419 0.9498155096406735 0.5541798842159539 0.9863349778706396 0.5910971680039805
0 0.9115615437773174 0.4732870198923628 0.8992609263345595 0.4732870198923628 0.8992609263345595 0.514021090726768 0.9115615437773174 0.514021090726768
0 0.9462740836840446 0.5281262159966258 0.941806429500335 0.48311873681258494 0.9241260118113596 0.4886655345189299 0.9285936659950692 0.5336730137029707
0 0.9591669540499514 0.5394349790169106 0.9570418871255538 0.5167675984899981 0.9416318926185694 0.521333522788363 0.943756959542967 0.5440009033152755
0 0.96643194511511 0.5052311070203953 0.948583990394245 0.47350140973885974 0.9391776358791949 0.4902238177656167 0.95702559060006 0.5219535150471523
0 0.9828275693830117 0.5083371170193011 0.9661449195787779 0.46475795018375127 0.9530217171252875 0.4806354050040237 0.9697043669295213 0.5242145718395734
0 0.9571461848887143 0.47414457927835024 0.9347156471989794 0.47414457927835024 0.9347156471989794 0.4904382076121123 0.9571461848887143 0.4904382076121123
0 0.950143154194579 0.4468465628022968 0.9204683972333996 0.4371285137389866 0.9174660598527651 0.4661034522695549 0.9471408168139444 0.47582150133286505
0 0.9580868203402193 0.3736815102952351 0.9224970338725065 0.3646428343669267 0.9190142708161648 0.4079838857347338 0.9546040572838776 0.4170225616630422
0 0.8593752977921542 0.2747770566616894 0.8419425852610898 0.2610030615754162 0.8171076212388001 0.3603429176645737 0.8345403337698645 0.37411691275084696
0 0.770983832998374 0.30530559465962104 0.7700418425548617 0.2877217730473901 0.7517055487145471 0.29082633073463904 0.7526475391580594 0.30841015234687
0 0.8628056415031367 0.3053398238221004 0.8463437311828779 0.3014377413758177 0.8413093145910147 0.36856329593400794 0.8577712249112734 0.37246537838029065
0 0.8625611864219886 0.28050744164816266 0.8545423640150652 0.2766545540051964 0.8497957596787802 0.307876662528315 0.8578145820857036 0.3117295501712813
0 0.8899028095349711 0.35863133521996393 0.8737914125707313 0.30134636823600025 0.8549787035406311 0.31806877626275615 0.8710901005048709 0.3753537432467198
0 0.8091454526649309 0.23053175278541824 0.790104542134761 0.2212997961647305 0.7825683267422302 0.27042475576049047 0.8016092372724 0.2796567123811782
0 0.8228768027185124 0.27795275530795094 0.8214738962752058 0.2449065146433956 0.7881838108759512 0.2493731089108008 0.7895867173192578 0.28241934957535614
0 0.814549406531523 0.24572734938344987 0.8138744077827402 0.2355273682907319 0.8060518308197121 0.2371634628189469 0.8067268295684948 0.24736344391166487
0 0.8555113075948537 0.19654465453175948 0.840674480370084 0.1848217293171264 0.81725183708915 0.2785123024408615 0.8320886643139197 0.2902352276554946
0 0.8490937022542919 0.25855415487522515 0.8360695190796071 0.25855415487522515 0.8360695190796071 0.273561444130006 0.8490937022542919 0.273561444130006
0 0.9439959733673073 0.2933027733054396 0.9349779450018587 0.27587663153645664 0.913158111838031 0.3115641808888506 0.9221761402034796 0.3289903226578335
0 0.875184631293775 0.23338226466300427 0.8669274694117852 0.20891659982747907 0.841177041893209 0.23638372251396048 0.8494342037751987 0.26084938734948565
0 0.7707966213629471 0.22253078696932638 0.7573561400959208 0.15881294985157174 0.7388804342834303 0.17113008705989868 0.7523209155504567 0.23484792417765332
0 0.773520281199761 0.2775465530130362 0.7582144464228996 0.210112150517879 0.7464753680817854 0.21853316578012075 0.7617812028586468 0.28596756827527803
0 0.7744350915514417 0.1610301241083713 0.7731145243905319 0.13755337458109007 0.7482553848876956 0.14197277715937318 0.7495759520486055 0.1654495266866544
0 0.8084771619809601 0.10018113382998999 0.7889801683294018 0.0962036050704736 0.7841906238094452 0.17040353287170712 0.8036876174610035 0.1743810616312235
0 0.8070621568941494 0.09024027399750316 0.7746648960788662 0.07499450420207582 0.7705621555422975 0.10254871225014235 0.8029594163575806 0.11779448204556969
0 0.9039362741408565 0.25723483274293646 0.8879065102335522 0.2382365940379831 0.8775539543767513 0.2658434096561187 0.8935837182840557 0.284841648361072
0 1.002154353503021 0.23291453965698553 0.9900684256913898 0.22575250836120406 0.9878494907801472 0.23758682788783128 0.9999354185917784 0.24474885918361278
0 0.9976879485406569 0.22092707981858892 0.9907648899720021 0.20800403715709986 0.978165726383015 0.22933595434480264 0.9850887849516698 0.2422589970062917
0 1.0039112312725882 0.22126041051872225 0.9895649341042256 0.194377259068097 0.9815125738723106 0.20795844783531545 0.9958588710406732 0.23484159928594067
0 0.9955960993625663 0.18917300473456866 0.9907778281260176 0.1477715629982974 0.9577435185146153 0.15992211365996267 0.962561789751164 0.20132355539623392
0 1.0001942956648235 0.1814329562537597 0.9844274504950341 0.18083657440336579 0.9842265327706785 0.19762436648285414 0.9999933779404679 0.19822074833324807
0 0.9054112350559385 0.1987393877025985 0.8693535427482462 0.13463682360003423 0.8489731079656373 0.17086870765800535 0.8850308002733298 0.23497127176056962
0 0.9192895241719184 0.11444439434647366 0.8968440676011129 0.09670971261151608 0.8833275613510962 0.15077573761158222 0.9057730179219018 0.1685104193465398
0 0.9172816902289442 0.14328849794545492 0.9030527270827449 0.12480300736235843 0.8872014974691105 0.16336506303061515 0.9014304606153098 0.18185055361371166
0 0.9781295911145955 0.13206414544207204 0.971665737242715 0.10908155389760744 0.9547825368310864 0.12408884315238804 0.9612463907029669 0.14707143469685263
0 0.9752174887950749 0.15636631283461927 0.9652612192867556 0.13237293248864487 0.9381841706429008 0.1678838159559953 0.9481404401512201 0.1918771963019697
0 0.961005202125658 0.11105394048537874 0.9472574532190462 0.11105394048537874 0.9472574532190462 0.1509304519337965 0.961005202125658 0.1509304519337965
0 0.6192611651877928 0.040360925628711776 0.6019948428819274 -0.0021944545998858877 0.582491738477536 0.022814990756565123 0.5997580607834014 0.0653703709851628
0 0.8087414109605907 0.004640909618285239 0.7969373582358219 -0.0006053360371675155 0.7878998803684208 0.06366117324212953 0.7997039330931897 0.06890741889758228
0 0.8248426995095662 0.044828403231993046 0.8064280580834786 0.014226293808929332 0.7994887007793597 0.027423624495832282 0.8179033422054474 0.058025733918896
0 0.7262652792245057 0.047397018198566836 0.714910446202881 0.015098826492611196 0.7016206845947546 0.029865228279417916 0.7129755176163792 0.06216341998537356
0 0.7312489398275529 0.0141497298687931 0.7159831216402318 0.007364921785539725 0.7056545755060597 0.08081236096187966 0.7209203936933808 0.08759716904513302
0 0.6371692806242525 0.052917488383889905 0.6220166250402875 -0.007985938890790282 0.6105493876151971 0.0010310341272295649 0.625702043199162 0.06193446140190975
0 0.6292369252566906 0.14374770930593972 0.6120134492407695 0.13474197021264744 0.6044475018315547 0.18047391899723442 0.6216709778474758 0.18947965809052666
0 0.745677637396663 0.053711189315881674 0.7256693393016578 0.03857488815653963 0.7117748804402014 0.09662284962217932 0.7317831785352067 0.11175915078152136
0 0.7349150062026495 0.12717605694194317 0.7290541237740412 0.09591801732269954 0.7119056159273729 0.10608009604665138 0.7177664983559812 0.137338135665895
0 0.7228686426725833 0.11199693013977886 0.7153505464306928 0.08491419747893364 0.6741924501064543 0.12102404245027129 0.6817105463483448 0.14810677511111653
0 0.7531761866276443 0.14581633559550378 0.7392558065946364 0.14006113971622403 0.7289412514798579 0.2189101832603088 0.7428616315128658 0.22466537913958856
0 0.7534051684848738 0.18263096705995777 0.7414606201453566 0.1662345125179481 0.7214579958173661 0.2122879135208261 0.7334025441568832 0.22868436806283576
0 0.6825336709826857 0.1465826258468401 0.6589309568072291 0.14058828573878743 0.6558919807331359 0.17840665466083513 0.6794946949085925 0.1844009947688878
0 0.678976621844533 0.2111722836806446 0.6739521814020323 0.16204442157619395 0.6604745637020065 0.16640082325701044 0.6654990041445072 0.2155286853614611
0 0.6853830585218968 0.21536481250363546 0.6715844603837337 0.2027848939731164 0.6581602632541783 0.24932211068890858 0.6719588613923415 0.2619020292194276
0 0.720395453848649 0.17108309750450224 0.7039946305916385 0.17108309750450224 0.7039946305916385 0.201097676014064 0.720395453848649 0.201097676014064
0 0.7166529755172016 0.2329783948157877 0.7056829506328014 0.1582197067146899 0.6879020164546582 0.1664659370581766 0.6988720413390584 0.2412246251592744
0 0.7293693948051475 0.24487518324589205 0.6878253398596796 0.20997058913645786 0.6820452769236275 0.23171330575258964 0.7235893318690954 0.26661789986202383
0 0.5463082156313845 0.14016410097554838 0.5342637142563295 0.0773082084949747 0.5211404146331897 0.08525589666723032 0.5331849160082447 0.14811178914780398
0 0.5850626819354389 0.1622238493861858 0.5804467036250958 0.0965743800835131 0.5696711401096299 0.09896894975361609 0.574287118419973 0.16461841905628882
0 0.6131381236852335 0.14134014413982332 0.58661938504256 0.09848157663651226 0.5760987611273628 0.1190552411817864 0.6026174997700363 0.16191380868509744
0 0.306949988737205 0.22622416602349704 0.2766567034271974 0.1992968013034902 0.26792567692861236 0.23034045107623694 0.29821896223862 0.2572678157962438
0 0.3319853630618771 0.24654832347140035 0.27916506463121077 0.24654832347140035 0.27916506463121077 0.30014578509561773 0.3319853630618771 0.30014578509561773
0 0.3363622163659318 0.26083077565944346 0.3134192803975831 0.237377996669576 0.3071371619487739 0.2568009715837687 0.33008009791712256 0.2802537505736361
0 0.32010218738753865 0.244256001266549 0.3133396307391445 0.18414438661415755 0.30067723043042305 0.18864657339059188 0.3074397870788172 0.24875818804298333
0 0.3017403066347418 0.41823171254609326 0.27241177563396973 0.31395249121001617 0.2486788196267663 0.33504845210530837 0.27800735062753834 0.43932767344138546
0 0.3437475393443101 0.4076260270741571 0.3293556392539816 0.3811969455895978 0.29530235407984473 0.4398040179460321 0.30969425417017327 0.4662330994305914
0 0.3217107208359251 0.442929422862533 0.30639524617680497 0.41570191235743054 0.27395538252874735 0.4733727810650885 0.2892708571878675 0.500600291570191
0 0.3274282116993934 0.4403773026350566 0.31677957081354635 0.43177234030305894 0.3049101192521422 0.47819508418766205 0.3155587601379892 0.4868000465196596
0 0.28546747875991313 0.597615489565793 0.2826992956372392 0.5520942559929312 0.2651799494689972 0.5554613375387792 0.2679481325916711 0.6009825711116411
0 0.3324997564232163 0.536704431304689 0.30231655718583916 0.5013680029292232 0.2954315740470224 0.519954624077634 0.32561477328439953 0.5552910524530998
0 0.2690068582701667 0.5609325514757407 0.2519905882986433 0.4853046849356384 0.2351905563619489 0.4972513743128435 0.25220682633347236 0.5728792408529458
0 0.28559205388790193 0.6587790474153252 0.27783201466178653 0.5989980044882149 0.2638281722657848 0.6047431705993952 0.27158821149190027 0.6645242135265055
0 0.34107107862734354 0.5732356751690555 0.32274687429044935 0.5557181968092572 0.30267145938726314 0.6220883794131632 0.32099566372415733 0.6396058577729614
0 0.34407753163550886 0.6018005600098814 0.3296849905139628 0.5973506922235094 0.32558522724755834 0.6392593833911986 0.3399777683691044 0.6437092511775705
0 0.2506820354744639 0.4433664351256321 0.2425105664752356 0.3935593859874793 0.22891447694603567 0.4006092101878053 0.23708594594526394 0.450416259325958
0 0.24410378989448064 0.44775739065125975 0.20441496493089648 0.42570804344926827 0.19921353155547855 0.4552984199849787 0.23890235651906272 0.4773477671869703
0 0.2578550268427184 0.4962380816541337 0.2539896744461456 0.4172130993242011 0.23274743169827428 0.42049692429005553 0.23661278409484704 0.49952190661998813
0 0.26630970462805276 0.47170054026241254 0.25162132026993583 0.4629963124946401 0.24923355335457711 0.47573106937655424 0.263921937712694 0.48443529714432665
0 0.266850204275891 0.45662928551244775 0.2554629402980245 0.4397592648044974 0.24453037609705197 0.46308206843323885 0.25591764007491846 0.4799520891411892
0 0.24587706563348544 0.48672978030784314 0.23353230492326243 0.4716417394397928 0.21568562971739696 0.5177907177499095 0.22803039042761997 0.5328787586179597
0 0.2529682657093692 0.507793895496494 0.23865650659120416 0.4932549655986752 0.22710913962834955 0.5291801072608889 0.24142089874651462 0.5437190371587077
0 0.247314082137694 0.5435907573511404 0.22479960849554215 0.5252005566584518 0.21977203405623236 0.5446536551425785 0.24228650769838422 0.5630438558352672
0 0.2675280941295113 0.6962230519349913 0.2544857793154986 0.6887215898197422 0.2470521849335669 0.7295688155143972 0.2600944997475796 0.7370702776296463
0 0.42908787250968594 0.6378526922339955 0.40441242575422887 0.6127855717205153 0.4002565610375203 0.6257149286169419 0.42493200779297735 0.6507820491304221
0 0.5270022715914376 0.5303701567607217 0.5095669348674465 0.5194303376397861 0.491422132666817 0.6108263783540668 0.5088574693908081 0.6217661974750025
0 0.6227310651591788 0.5281029150575036 0.6031571482492477 0.5227493651334197 0.5955841057524709 0.610260078429506 0.6151580226624019 0.6156136283535898
0 0.6399349209048019 0.7010547980447643 0.6281166806166618 0.7010547980447643 0.6281166806166618 0.7597976159849067 0.6399349209048019 0.7597976159849067
0 0.6546636112734889 0.6778805506106801 0.6483862334023198 0.6619380036362814 0.6252871663003121 0.6906835093632235 0.6315645441714812 0.7066260563376221
0 0.6818260547408506 0.7146635264791615 0.6401144651636776 0.6619001482106007 0.6280266716214472 0.6921014822260232 0.6697382611986202 0.744864860494584
0 0.6619795568708424 0.6904210616585194 0.6555639407144236 0.656204442157619 0.6455787336138318 0.6621216019209325 0.6519943497702506 0.696338221421833
0 0.6437144372298486 0.42667208323330064 0.6189187474111795 0.41124365401279533 0.6109922916277245 0.4515050167224079 0.6357879814463936 0.46693344594291314
0 0.6516681235708389 0.5725738363051742 0.650050170918726 0.542851446844137 0.6203894461661144 0.5479543672316831 0.6220073988182273 0.5776767566927203
0 0.6810308282455445 0.44834495501383487 0.6755041532394733 0.4273845283241426 0.6359376402400334 0.46035662249034254 0.6414643152461046 0.4813170491800348
0 0.7089985991822455 0.45573634564102977 0.7011436519687422 0.42677324809658956 0.6519189666392314 0.46896583552188453 0.6597739138527348 0.4979289330663248
0 0.7119509925765887 0.4735241150743804 0.7092411679727054 0.4542542512245442 0.6931240959831172 0.46141739433102774 0.6958339205870004 0.480687258180864
0 0.7069612265389669 0.4389417717176911 0.7043805087617608 0.42517794357259203 0.6776809332536569 0.44099991424406115 0.680261651030863 0.4547637423891601
0 0.6891769297868677 0.4134279741495037 0.6681421227166412 0.3685537190663573 0.6582257136692493 0.3832446954328648 0.6792605207394758 0.42811895051601123
0 0.6979120105584133 0.4315662918738083 0.6961746083778857 0.4153505381888832 0.6791399394286474 0.4211188916955035 0.680877341609175 0.4373346453804286
0 0.5737641253419151 0.34191397166018445 0.5643435832634939 0.33772706406977504 0.5592786231400053 0.37374455828124914 0.5686991652184266 0.3779314658716586
0 0.6226262796584447 0.3400237023790944 0.6206050403023735 0.32475211613322236 0.5941217437316269 0.33583009639810985 0.5961429830876981 0.3511016826439819
0 0.6218355281089081 0.32144420520513955 0.5990150214344786 0.2901855148241359 0.5915023836410989 0.30751963890531453 0.6143228903155283 0.3387783292863182
0 0.6441594316012058 0.3881412730139255 0.6374191385137946 0.3442045477033899 0.6287864427428813 0.34839009716807473 0.6355267358302926 0.39232682247861034
0 0.7399366951656002 0.29780967504413464 0.7198806174352347 0.2825288539162371 0.7097382219170175 0.32460101310291595 0.7297942996473831 0.33988183423081353
0 0.7421988776838087 0.3005745647886116 0.7332749003233765 0.3005745647886116 0.7332749003233765 0.3284452448332047 0.7421988776838087 0.3284452448332047
0 0.7623511109663481 0.31216480972076543 0.7546367870859578 0.3043280362549721 0.7398092554717013 0.3504581346104371 0.7475235793520916 0.35829490807623043
0 0.6995561462481636 0.3488401870451271 0.6927570661086482 0.3283848348305163 0.6666894933182064 0.35576895170128353 0.6734885734577218 0.3762243039158943
0 0.7272451858906519 0.35202812794785987 0.6963730479951027 0.324586227596261 0.6887032512366773 0.3518566160706629 0.7195753891322265 0.3792985164222618
0 0.7471832723915279 0.39194410872415403 0.7466041478399154 0.36397453778701405 0.6945956409346121 0.3673779574617987 0.6951747654862247 0.39534752839893866
0 0.5023526112947481 0.30757874857201206 0.4868176569075089 0.28799903823320316 0.4616746796347333 0.3510476268563971 0.4772096340219725 0.370627337195206
0 0.514651574276851 0.3505678198668976 0.47931887124243566 0.3287195783770177 0.47372557391502745 0.35730754249488195 0.5090582769494428 0.37915578398476185
0 0.4400008751844492 0.525052945442207 0.4280858073652728 0.4668015027706779 0.41567251788639975 0.47482625556510083 0.42758758570557615 0.53307769823663
0 0.4540658081374125 0.7209268173912798 0.44067728509400805 0.7143758581039871 0.43250978426112335 0.767131863483805 0.4458983073045278 0.7736828227710978
0 0.5043533981661694 0.9056124633401161 0.49435006656232333 0.8929834585455664 0.47902034689228434 0.9313598996243037 0.4890236784961305 0.9439889044188534