1 0.5347112050445391 0.10087495266920248 0.42648094997723607 -0.042057701641902145 0.19065684138450495 0.5223076864432676 0.29888709645180794 0.6652403407543722
1 0.40293455035302844 8.311710541717086e-17 0.3606059550353027 7.850932063777028e-17 0.3606059550353027 0.10033444816053515 0.40293455035302844 0.10033444816053516
0 0.16779859532656644 0.6657728913299512 0.15949375153056652 0.6273860577839963 0.1273149683012455 0.6493886446074638 0.1356198120972454 0.6877754781534188
0 0.8167744328948888 0.4187462638800676 0.7755311861750536 0.4187462638800676 0.7755311861750536 0.4457593845386732 0.8167744328948888 0.4457593845386732
0 0.78343954850504 0.420085489579007 0.7709985042911434 0.4056610904904311 0.7658596521764633 0.4196692206993366 0.77830069639036 0.4340936197879125
0 0.7927741115296307 0.408102868975141 0.7801368178816872 0.3903663164867993 0.7736420128476673 0.40499165523007397 0.7862793064956108 0.4227282077184157
0 0.9424336816728667 0.337706888818933 0.9289271213435638 0.337706888818933 0.9289271213435638 0.3921619098291379 0.9424336816728667 0.3921619098291379
0 0.9358758474243105 0.36867513250773926 0.9267314736053028 0.3307429151844482 0.9192213603187509 0.3364649062599163 0.9283657341377585 0.37439712358320737
0 0.9388364772146169 0.31820606985990424 0.923188437308162 0.28840027956189523 0.9084077596488471 0.3129252558262402 0.9240557995553018 0.3427310461242492
0 0.8268058634217956 0.1335896872030093 0.7977852631163291 0.08588079112138224 0.782799673401013 0.11469029693067236 0.8118202737064795 0.1623991930122994
0 0.8317741606820547 0.09442404923885397 0.799721099461922 0.08269220983802107 0.7970688257375061 0.10559438295043853 0.8291218869576388 0.11732622235127144