1 0.6682547347593755 0.6279378983935021 0.35350403403981684 0.005365003972082801 0.1980642153777591 0.25373190847813626 0.5128149160973178 0.8763048028995555
0 0.17570428513154263 0.47533358948076265 0.17011392502613226 0.44303373109394784 0.13964072607467248 0.45970283137508855 0.14523108618008285 0.49200268976190337
0 0.12178990743981971 0.6755346846870665 0.10208139297297261 0.6559875264790123 0.08584070311565078 0.7077398295882977 0.10554921758249788 0.7272869877963519
0 0.9037025067505419 0.8341150526332224 0.8738062549447198 0.8037442571479426 0.8448190985456775 0.8939265215005183 0.8747153503514996 0.9242973169857981
0 0.8603808670120406 0.8766511591096816 0.8519409120216241 0.8592460963738895 0.843596215002737 0.8720349040656706 0.8520361699931533 0.8894399668014628
0 0.8792149906422004 0.8237358678113247 0.871101887095979 0.8185846909565812 0.8604721280779275 0.8714972691797725 0.8685852316241489 0.876648446034516
0 0.9214502754469855 0.9655261336198114 0.9103556008907725 0.9655261336198114 0.9103556008907725 0.9998285090593106 0.9214502754469855 0.9998285090593106
0 0.932421860660296 0.9881124735859227 0.9210261162248214 0.9869207617495334 0.9205987972909733 0.9998352895280588 0.9319945417264478 1.0010270013644478
0 0.930392805774903 0.22588774411389073 0.9097062470287868 0.21853252322638278 0.9063203304627185 0.2486295593692126 0.9270068892088348 0.25598478025672056
0 0.9451363153199727 0.3249069365459698 0.9405471244448746 0.30315077239735566 0.9203004997633755 0.316648522185021 0.9248896906384735 0.3384046863336352
0 0.7859874203795663 0.18642836637383461 0.7396224632827579 0.16582171877525334 0.7351391932574852 0.19770275006608207 0.7815041503542935 0.21830939766466337
0 0.9331837738025573 0.18398588999864124 0.929220458802452 0.14171052999752748 0.9024680825517488 0.14963715999773783 0.9064313975518542 0.1919125199988516
0 0.8927970724626788 0.028556727553382996 0.867231083267927 0.005831403824714994 0.858741245346651 0.036017494211474405 0.8843072345414028 0.058742817940142404
0 0.2553344566634383 0.159353359045066 0.23523933031984134 0.11469752272596209 0.22582709315656413 0.1280838155804009 0.24592221950016108 0.17273965189950483
0 0.3592396722977917 0.5734499718780817 0.3421152833088542 0.543006613675526 0.33077942017533224 0.5631592592462318 0.3479038091642697 0.5936026174487874
0 0.5732795937741904 0.7767647699426187 0.5706499979578652 0.7066422148406339 0.5533132349561646 0.7086969423075026 0.5559428307724897 0.7788194974094874
0 0.5721292961424356 0.6968237037190641 0.569222882656677 0.6868872473574963 0.5582494099170209 0.697031613267934 0.5611558234027795 0.7069680696295016
0 0.5751034489893274 0.34645399193894166 0.5652147173196592 0.34645399193894166 0.5652147173196592 0.4090558271160276 0.5751034489893274 0.4090558271160276
0 0.6269966352586616 0.4765948250008797 0.6235251927297636 0.43648037800028033 0.5717630569012794 0.45063754335507944 0.5752344994301773 0.4907519903556786
0 0.5152886818167007 0.271846325358031 0.4940640870135106 0.271846325358031 0.4940640870135106 0.3147242946574049 0.5152886818167007 0.3147242946574049
0 0.5821326488864202 0.2957688019895375 0.5795702614410897 0.2707143469685273 0.5456321343507886 0.28168424663407926 0.5481945217961192 0.30673870165508943
0 0.5390490159867337 0.2499437950942968 0.5025226356058385 0.20271776793515903 0.4932192751319095 0.22545931576031883 0.5297456555128046 0.2726853429194566
0 0.5651886734335283 0.18920938171978097 0.5512585021782005 0.17385139790684415 0.5268551296462411 0.24380773249846088 0.540785300901569 0.25916571631139773
0 0.5720176844015247 0.22225142095381922 0.5579645679828692 0.18165352907770385 0.5488273509360608 0.19164980071865667 0.5628804673547163 0.23224769259477204
0 0.5538788541861372 0.12949146728410943 0.5292776193006214 0.12949146728410943 0.5292776193006214 0.16508018180258982 0.5538788541861372 0.16508018180258982
0 0.736041741634234 0.20038827478222368 0.7233342944316961 0.18045502426843868 0.7005363430142704 0.22638867453169592 0.7132437902168083 0.24632192504548092
0 0.7214342743288464 0.033212256093558504 0.7159486547601196 0.006537086426024303 0.6603424253236699 0.04267781380168575 0.6658280448923968 0.06935298346921995
0 0.6170220119488418 0.02366863905325446 0.6100275432068816 -0.0012005831403823681 0.5885135221109206 0.017922991167138184 0.5955079908528809 0.04279221336077502