1 0.5650789488893222 0.30746248105725305 0.4047567632313404 0.20420388597112613 0.3806008678431424 0.3227385845476278 0.5409230535011242 0.4259971796337547
1 0.5294902093582585 0.9158481050171162 0.42746302458833824 0.46097443540869576 0.369221994792437 0.5022610332328974 0.47124917956235723 0.9571347028413177
0 0.030376688189315645 0.2757001135743283 0.009384457991093956 0.27155350020184 0.008557945915193665 0.2847776934162445 0.029550176113415354 0.28892430678873277
0 0.052898633182270935 0.2751281391620983 0.002620091297091568 0.2572513242695901 0.0008019004835315771 0.27341302039012333 0.05108044236871094 0.2912898352826316
0 0.14503088121946234 0.18575269518200813 0.1291169013019204 0.18309548061014108 0.12464389311333103 0.26776104736932294 0.14055787303087297 0.27041826194119
0 0.23567966839958368 0.4611040187174468 0.22271009395938376 0.4196013805088075 0.20182225301885162 0.4402313468698272 0.21479182745905154 0.4817339850784665
0 0.07641451946989633 0.5757851615839777 0.058770647391370306 0.5548739057872063 0.043816955598213636 0.5947504172356239 0.06146082767673966 0.6156616730323956
0 0.1642628205128204 0.6671812022982587 0.1479010420208003 0.659781723526039 0.14000376767262895 0.7149718706948687 0.15636554616464904 0.7223713494670884
0 0.17902884043281642 0.704084614520935 0.17718563180330715 0.6717260630251061 0.15464431185823724 0.6757841346889161 0.1564875204877465 0.7081426861847451
0 0.2245504548357966 0.7916464309746304 0.21691937339767942 0.7746268069187084 0.18569369257471854 0.8188757588095387 0.19332477401283574 0.8358953828654607
0 0.20127228005250902 0.9384998197398831 0.1905969025614639 0.927654991812472 0.1828640257135882 0.9517128308947514 0.19353940320463334 0.9625576588221626
0 0.19195647886116105 0.9655127556933899 0.18510093473973063 0.9432882466461384 0.1796518094503043 0.9486006555304536 0.1865073535717347 0.9708251645777052
0 0.2589789254780892 0.8803787191613599 0.2566693036617785 0.8663010242809894 0.24804671554755153 0.8707719958957738 0.2503563373638623 0.8848496907761443
0 0.2798830420685044 0.8500876981134938 0.26961270833911993 0.8344009285988159 0.2500609635953023 0.8748577264658046 0.26033129732468674 0.8905444959804826
0 0.577626652567329 0.8931942977170981 0.5736284880742455 0.8576550577785785 0.5545189315643803 0.864449566759864 0.5585170960574638 0.8999888066983837
0 0.5129180711847581 0.8466763334785845 0.5125046943923608 0.8216900029159019 0.5031489957323547 0.8221791897739412 0.503562372524752 0.847165520336624
0 0.510513147985983 0.8212846448967173 0.5064129421717304 0.7994168805540363 0.4967895179371021 0.8051196504708531 0.5008897237513548 0.8269874148135341
0 0.6515176711945532 0.7702194952263968 0.6430618834253676 0.7025731930729138 0.6267944232640457 0.7089998440008437 0.6352502110332312 0.7766461461543267
0 0.709541967869745 0.7758339869711273 0.6983266990248777 0.7558957312469177 0.6723989269641619 0.8019895482437436 0.6836141958090293 0.8219278039679532
0 0.7962391001394495 0.8115344796883522 0.7556756387974142 0.8108963131382317 0.7555308501025315 0.839982753176867 0.7960943114445669 0.8406209197269875
0 0.9830739569494297 0.7869393914879191 0.9699291794860903 0.7635708982197601 0.9541313276723522 0.79165596811085 0.9672761051356915 0.815024461379009
0 0.9456025989513752 0.7711822871401417 0.9291363549141733 0.7082170269224138 0.9175101346113721 0.7178262226502652 0.933976378648574 0.7807914828679929
0 0.9234203378970403 0.71875393402552 0.9189380723010325 0.7096471086876 0.9114761672897744 0.721254516482891 0.9159584328857822 0.730361341820811
0 0.8755184470015566 0.6545261494460146 0.8732663874788382 0.6091513205438344 0.8578228654934815 0.6115738337964391 0.8600749250161999 0.6569486626986194
0 0.9211863332303077 0.5997042438501715 0.9072656566644934 0.592633424007218 0.8963530112232303 0.6605343289750756 0.9102736877890446 0.6676051488180291
0 0.7680406800404682 0.5296499208108619 0.764621351714371 0.5063478314774588 0.737405035015413 0.5189698913958161 0.7408243633415103 0.5422719807292193
0 0.7590601508961466 0.2701642189780361 0.7442098676038581 0.25537993694482414 0.7394266368904052 0.2705647963526108 0.7542769201826938 0.2853490783858228
0 0.8141213585444901 0.1866049243536733 0.8027854954109681 0.1866049243536733 0.8027854954109681 0.2269102154950848 0.8141213585444901 0.2269102154950848
0 0.8057710188814414 0.19377829273105507 0.7931379523186091 0.19003516189762315 0.7912410367511249 0.21026892795078717 0.8038741033139573 0.21401205878421906
0 0.7808262030953598 0.10883747930313427 0.7555273766323967 0.08313708416615533 0.7495162151671575 0.10183847539134375 0.7748150416301206 0.1275388705283227
0 0.8449934964400393 0.08318326044078565 0.8317281246880455 0.08318326044078565 0.8317281246880455 0.09861932938856027 0.8449934964400393 0.09861932938856027
0 0.7950107106835963 0.016318850668644025 0.7646493250694071 -0.016066627319824098 0.7560303803214539 0.009470986748185596 0.7863917659356431 0.04185646473665372
0 0.6466328463140052 0.16273243725406653 0.6273377601292869 0.12156958672666758 0.6172315633489305 0.13654173010497367 0.6365266495336487 0.1777045806323726
0 0.7029756506971403 0.22854515701242661 0.693809438388131 0.19758372876866165 0.6796342468184793 0.21084706590985627 0.6888004591274886 0.24180849415362124
0 0.23148919027043488 0.1251988435658831 0.2301551866571012 0.09792588080439385 0.21998680294094722 0.09949780485713261 0.2213208065542809 0.12677076761862185
0 0.3457361172601207 0.21902209051628269 0.3426144765533068 0.19206697076220655 0.3256760329488673 0.1982666625389948 0.32879767365568124 0.22522178229307097
0 0.3275027880570628 0.22153687191618487 0.3248344188212737 0.1993992901081569 0.310141916609398 0.20499643380791918 0.3128102858451871 0.22713401561594715
0 0.36580965208788474 0.014269788182831731 0.35056653400195714 -0.006054369265071389 0.34489377866365006 0.007392161907212369 0.3601368967495776 0.02771631935511549
0 0.3845125975616701 0.06922769496127214 0.37859665132578946 0.050296667006454264 0.35588624387181855 0.07272669905975916 0.3618021901076992 0.09165772701457703
0 0.44147526462294695 0.07658369267801238 0.435008084012069 0.062105724561478864 0.4185768082980825 0.08530281968710682 0.42504398890896056 0.09978078780364033
0 0.46329303558367485 0.16145618931377143 0.4617726647506607 0.09793847451229255 0.43990003231499014 0.09959314174146858 0.4414204031480043 0.16311085654294744
0 0.47148136279143216 0.12748803113236276 0.468549674050004 0.11532695190866098 0.4580122282758497 0.12335548202230247 0.4609439170172779 0.13551656124600425
0 0.33034528368037264 0.5264557018235867 0.31865691416463 0.512602819434558 0.30797040489309346 0.5411001774919879 0.3196587744088361 0.5549530598810165
0 0.29216513189236126 0.5118343142924999 0.27848973955894213 0.5037303780949183 0.27144703310152 0.5412914792011698 0.28512242543493915 0.5493954153987514
0 0.38670384340496333 0.5915197049284817 0.37110615324558993 0.5791956040618165 0.3662028143337002 0.5988089597093754 0.3818005044930736 0.6111330605760408
0 0.640072236417765 0.4065491307670608 0.6369609037704791 0.386267851288457 0.6207567419688129 0.39412441458623465 0.6238680746160988 0.41440569406483846
0 0.7050728854078433 0.5230759089494006 0.6915095748250562 0.5170477709126061 0.6894523781362443 0.5316767251441572 0.7030156887190314 0.5377048631809517
0 0.709541967869745 0.5088757344108432 0.6914528245715716 0.5088757344108432 0.6914528245715716 0.5208815658146678 0.709541967869745 0.5208815658146678
0 0.9946860394608067 0.35766169266826736 0.9841087295583977 0.32083698411913936 0.9734851738031043 0.33048106310266806 0.9840624837055133 0.36730577165179606