1 0.542188120703768 0.9523825742529434 0.3460749030456815 0.614301875798599 0.280087968366747 0.735277922709979 0.4762011860248335 1.0733586211643233
1 0.5313684338305606 0.17042345989715094 0.5142550235535375 -0.01211958305779295 0.2573933057364403 0.06398759259170438 0.2745067160134634 0.24653063554664825
0 0.06647012889777226 0.08417275204000184 0.041349410922667924 0.017184170773056798 0.026098871649746364 0.035258883985408246 0.0512195896248507 0.10224746525235327
0 0.14256698033550352 0.007559715818012732 0.09952409576959352 -0.0020053696410783886 0.0976613778340688 0.024486618775273264 0.1407042623999788 0.034051704234364384
0 0.2212774471293721 0.332952660630285 0.21186520996609487 0.3195663677758463 0.20798266213624303 0.3281942518421837 0.21739489929952027 0.3415805446966224
0 0.23064986924124695 0.3351398783619229 0.23002807771524458 0.30584658869247716 0.21358241207432627 0.30694986185916345 0.21420420360032863 0.3362431515286092
0 0.24095414987935143 0.4094452692225079 0.2147199134337069 0.38433215399248943 0.2063635036886853 0.4119215702935133 0.23259774013432985 0.4370346855235318
0 0.235011138326097 0.37685579829495963 0.2088190534224133 0.3723496331502399 0.20748754328685706 0.39680996749231057 0.23367962819054075 0.4013161326370303
0 0.1364296586913643 0.6059514621387527 0.13170236257610832 0.5891432981733982 0.09774301089100412 0.6193293885601574 0.10247030700626011 0.636137552525512
0 0.20939306767470156 0.6242155819014221 0.20424815553663545 0.6140527924928963 0.19218872667118647 0.6333478786776146 0.1973336388092526 0.6435106680861403
0 0.2230183027573452 0.6531207424911263 0.2178074817295356 0.6245577235238738 0.19408491930808264 0.6382355973524594 0.19929574033589223 0.6667986163197117
0 0.18118427842291862 0.8590586572988002 0.16955233551863097 0.8406773154253583 0.15181416318467977 0.8761536600932612 0.16344610608896742 0.8945350019667031
0 0.18768272209635736 0.8395154251432053 0.16321141995792507 0.8214569380305677 0.155338403695521 0.855175714750359 0.17980970583395328 0.8732342018629967
0 0.14038515135923157 0.9612383366898738 0.12615502529800185 0.9612383366898738 0.12615502529800185 1 0.14038515135923157 1
0 0.05290851907005506 0.8173733603541317 0.005073518112342912 0.7776880262262513 -0.0054531504979165035 0.8177896209320009 0.042381850459795645 0.8574749550598812
0 0.04157187096829551 0.7815394791564212 0.027686738657344417 0.7689685774757246 -0.001018626344281487 0.8691763971177617 0.012866505966669606 0.8817472987984585
0 0.33638463387940326 0.7901037856222124 0.3347204326959713 0.7693937264506148 0.3255359716720454 0.7717262879805006 0.32720017285547737 0.7924363471520982
0 0.4017782347208205 0.9000867857685029 0.3916341269104727 0.8892664041041312 0.3829726194724057 0.9149301298465503 0.3931167272827535 0.925750511510922
0 0.5572169040960936 0.9587171120950705 0.5408353759252676 0.9198868230975576 0.5277533074920286 0.9373295810085431 0.5441348356628546 0.9761598700060559
0 0.5405859642743163 0.965946280164624 0.5330508446275156 0.9468094683632255 0.5271425338410877 0.9541620328974469 0.5346776534878883 0.9732988446988453
0 1 0.9273647409433686 0.9870535684750277 0.9273647409433686 0.9870535684750277 0.958236878838918 1 0.958236878838918
0 1.0085430017421364 0.893353836462278 0.9945319506045824 0.8476881883102512 0.9815876515446751 0.8602402358834949 0.995598702682229 0.9059058840355217
0 0.4691734376120101 0.5977188920332731 0.45976708309695985 0.5809964840065172 0.4471046827882385 0.6035074178886884 0.45651103730328874 0.6202298259154444
0 0.4549367929405827 0.6205137476040483 0.4505875762167842 0.595384939866545 0.4440793957955602 0.598944970182428 0.4484286125193587 0.6240737779199315
0 0.48343250630251694 0.5839293371065947 0.47154673321273044 0.568081639653546 0.4623429771026198 0.5898979504330674 0.4742287501924063 0.6057456478861161
0 0.8006913345702604 0.6692001189374877 0.7502682454711729 0.6538472323855249 0.7471375573726116 0.6863435504265059 0.7975606464716991 0.7016964369784687
0 0.8517467766046907 0.7209501862679281 0.8312457475334275 0.7209501862679281 0.8312457475334275 0.7445330693825838 0.8517467766046907 0.7445330693825838
0 0.8385612465886336 0.7273700532575101 0.8369195008934338 0.692346145093249 0.8196936463650768 0.6948981235418946 0.8213353920602765 0.7299220317061557
0 0.8089116852746161 0.666152141503328 0.7976240598565559 0.6561186966872746 0.7894236482280507 0.685275715810849 0.8007112736461108 0.6953091606269024
0 0.799184911107121 0.6523957585404104 0.7717891609691538 0.6405677521316372 0.7688173216807738 0.6623223926740274 0.7962130718187409 0.6741503990828005
0 0.9666176175050973 0.45978579282887494 0.9458631263549581 0.4170630975958397 0.9347359127480784 0.43414730434579624 0.9554904038982177 0.4768699995788315
0 0.9901354405041454 0.4279759468980811 0.9587678138601781 0.38660215978345785 0.9412434403245759 0.42859292922142284 0.9726110669685432 0.46996671633604614
0 0.4691251940081552 0.002315410342166313 0.4595741263467197 -0.003344481605351094 0.44898594780285556 0.05312580396192438 0.4585370154642911 0.05878569590944179
0 0.5255150833829945 0.12777634851213449 0.522090205585207 0.10951033359060104 0.5020474348108308 0.1213875310865275 0.5054723126086182 0.13965354600806096
0 0.5476503729867134 0.06525583362165108 0.5138839721634565 0.039529052042026266 0.50384137881516 0.0811872170423664 0.5376077796384169 0.1069139986219912
0 0.556166031987645 0.1069084858944 0.547570564032511 0.056571627804203516 0.5355152195283713 0.0630776867429456 0.5441106874835053 0.11341454483314209
0 0.5536343166797383 0.11900011702414018 0.5454498648625606 0.0871716932906718 0.5338904015152336 0.09656605080469009 0.5420748533324112 0.12839447453815847
0 0.5718143890155163 0.001422976468728601 0.5620615719877099 -0.01799596587997006 0.5362418982851003 0.02298764317179152 0.5459947153129066 0.04240658552049018
0 0.5807123692616933 0.05520360403725978 0.5577643423200012 0.013539101221137686 0.5499479725963358 0.0271453744438145 0.572895999538028 0.06880987725993659
0 0.5899124335244916 1.272512942330963e-16 0.575682307463262 1.25702238381332e-16 0.575682307463262 0.06989108995797967 0.5899124335244916 0.06989108995797967
0 0.34448460639183065 0.015133400929191045 0.31302368461638014 -0.018424915631289895 0.30583058998722407 0.0028879573439872055 0.3372915117626745 0.03644627390446815
0 0.2946749000759257 0.7565490106568696 0.28886934914446494 0.7445078679842101 0.28358590054506116 0.7525588372785397 0.28939145147652195 0.7645999799511992
0 0.346508387655538 0.5921951800940669 0.33809413873168664 0.5855468846480609 0.3340461490011813 0.6017388435700821 0.34246039792503263 0.6083871390160882
0 0.340249693349218 0.5837098451778783 0.3347290620727513 0.5784754688564876 0.32981515777103754 0.5948551498622 0.3353357890475042 0.6000895261835907
0 0.7322835321021619 0.7094056731399916 0.7288054264804157 0.635206086542758 0.7138949822942247 0.6374150412370091 0.7173730879159709 0.7116146278342428
0 0.7383539444513795 0.7139013089656675 0.7330301907449389 0.6878740686230693 0.7248192161130478 0.6931821734356052 0.7301429698194883 0.7192094137782032
0 0.6527957154139041 0.5622996386033641 0.6130864280457541 0.5101943303107649 0.6031264461725139 0.5341839640699669 0.6428357335406639 0.5862892723625662
0 0.700805974432954 0.39656045730436623 0.6925417380085163 0.3754183456927962 0.6654736233639571 0.4088584270615925 0.6737378597883948 0.4300005386731625