1 0.6287929099231515 0.20584093857214258 0.03768399470264064 0.16647646502868474 0.03009145177647761 0.5268104829350898 0.6212003669969884 0.5661749564785477
0 0.06754620101192003 0.06731841180001712 0.016534816911071077 -0.023368493268158805 -0.006981069376554327 0.01843752679873081 0.044030314724294625 0.10912443186690673
0 0.09544084417857746 0.12570056094711177 0.07652655984355755 0.1083569364808479 0.04838557756459523 0.20535079830402866 0.06729986189961513 0.22269442277029253
0 0.08057038418660499 0.9307949784873182 0.05971173067312459 0.8380898517607407 0.037713669053047044 0.8537329178016851 0.058572322566527446 0.9464380445282625
0 0.1494946583945168 0.821950902573523 0.13914210253771603 0.7943440869553875 0.10775048155257824 0.8315489710859212 0.11810303740937902 0.8591557867040566
0 0.1628032137777266 0.7949235650815955 0.14597823129855203 0.7821045308117479 0.1300098841111987 0.8483436006259532 0.1468348665903733 0.8611626348958007
0 0.1584984135151358 0.8550296067353244 0.15606240888431513 0.842037582037614 0.14036103250150062 0.8513421013755782 0.14279703713232128 0.8643341260732885
0 0.5612620503876803 0.7522712921926298 0.5446626012434738 0.7345652131054775 0.5358734057350676 0.7606072738711274 0.5524728548792741 0.7783133529582796
0 0.8546686674161952 0.877527355186219 0.8333061610528574 0.841165642227346 0.7936271082735812 0.9148413155360267 0.814989614636919 0.9512030284948997
0 0.9634867965304117 0.8285827802791297 0.9378996409203462 0.7657994817914688 0.8679840409931643 0.8558542922637133 0.8935711966032298 0.9186375907513743
0 0.9276298978569915 0.9403257301662072 0.9198287460887697 0.9010310397781285 0.9064053030538013 0.9094535922706579 0.9142064548220228 0.9487482826587367
0 0.9690998646455061 0.9875649298375954 0.9288378871401345 0.9491578401847751 0.9233062577555156 0.9674848547115934 0.9635682352608872 1.0058919443644136
0 0.9425210556480427 0.9592368254437107 0.9416150057283784 0.9221894509507629 0.9327287994092983 0.9228763074778414 0.9336348493289626 0.9599236819707893
0 0.9368663642759297 0.8202560810651215 0.9316858048934944 0.7981523610333968 0.9237908036528242 0.8040005101005598 0.9289713630352595 0.8261042301322844
0 0.9793402051072667 0.8026366372964001 0.9577306428016075 0.7625122154350279 0.9495513650800889 0.7764343902801659 0.9711609273857481 0.8165588121415381
0 0.9623512956324447 0.7316546355258701 0.9450771910307543 0.705290802926225 0.9091113115290833 0.7797695961311505 0.9263854161307737 0.8061334287307955
0 0.8232865244822313 0.6546608561993501 0.8073680783798387 0.6546608561993501 0.8073680783798387 0.6975388254987241 0.8232865244822313 0.6975388254987241
0 0.8905910627745421 0.6699876615830924 0.8712739211729112 0.6173554496829968 0.8280784637310846 0.6674608187565734 0.8473956053327154 0.720093030656669
0 0.8798174164099587 0.6790683156466865 0.8685743181138633 0.665743162110573 0.8532495669710002 0.7066091651582066 0.8644926652670956 0.71993431869432
0 0.9856064370111738 0.4008232517764208 0.960764013548349 0.4008232517764208 0.960764013548349 0.41968955826814536 0.9856064370111738 0.41968955826814536
0 0.8999991117383866 0.038781196347324604 0.8954432474802303 -0.007384894801994137 0.8717654285213359 0 0.8763212927794922 0.04616609114931874
0 0.6774582238390885 0.06744452347442723 0.6615681528634381 0.06038226970747143 0.649749912575298 0.14442308953424432 0.6656399835509484 0.15148534330120011
0 0.6861710860109035 0.15273652206796426 0.6788827118102801 0.08714115426235372 0.6659177555210898 0.09169400585361943 0.6732061297217131 0.15728937365922996
0 0.5847142158376822 0.04391928129128006 0.5630500386150518 -0.0068865433064727215 0.548103758200613 0.013256114169616732 0.5697679354232434 0.06406193876736951
0 0.585615953380734 0.022886330598714213 0.577521765534276 0.022242017138299687 0.5765567431185736 0.06055698119878272 0.5846509309650316 0.06120129465919725
0 0.6104677385831538 0.18146606759298634 0.605421527555691 0.14480180969296663 0.5494672713666694 0.16914124973736377 0.5545134823941322 0.20580550763738348
0 0.707075886847286 0.21449546223739505 0.7054044798530882 0.184038712565347 0.6675510909749715 0.19060406998594182 0.6692224979691692 0.22106081965798985
0 0.7247819495239951 0.20745987541171385 0.7195689415404168 0.15865067473584155 0.7058870289837818 0.16326904184356655 0.71110003696736 0.21207824251943885
0 0.7441492580422762 0.03814109541286949 0.7345759268198582 0.031049738951819023 0.7180209712175849 0.1016842161881841 0.7275943024400029 0.10877557264923457
0 0.7929791494355601 0.12365785515196276 0.7713808676091574 0.10002896563247947 0.7623792544405785 0.1260336258972629 0.7839775362669814 0.14966251541674622
0 0.4663997689729567 0.18587599691278622 0.4427632883966768 0.1438555869993998 0.43323633959297214 0.1607923848726525 0.4568728201692521 0.20281279478603892
0 0.5160216226694458 0.19426426750331252 0.49253523472175964 0.16324732342001896 0.4829655926217559 0.1861490310097714 0.5064519805694422 0.21716597509306496
0 0.5105318696623612 0.6038547102006677 0.49089728131166177 0.5978364455721008 0.48537584534728473 0.6547685852936771 0.5050104336979842 0.660786849922244
0 0.5204546739873797 0.6478715642525986 0.515166728198077 0.6149687904524943 0.5016920229638905 0.6218130851746209 0.5069799687531931 0.6547158589747253