1 0.4689965218344426 0.12596951700747816 0.3808223530085808 -0.02047859018648464 0.08684436647242645 0.5389277304587068 0.1750185352982883 0.6853758376526696
0 0.06056057484037116 0.3610999024797607 0.025036932903465335 0.34660573892080454 0.023728178523916503 0.35674339189254795 0.05925182046082233 0.37123755545150405
0 0.03672369978593129 0.533888788818263 0.019207139733034867 0.5046470517109888 -0.007286335332931743 0.5548049727593989 0.010230224719964681 0.5840467098666731
0 0.10280599903241408 0.5552867817018757 0.08950169327527814 0.5552867817018757 0.08950169327527814 0.5660377358490563 0.10280599903241408 0.5660377358490563
0 0.13766932752781802 0.6892974645176513 0.12705611998064825 0.6830081563415507 0.12258103531688433 0.7068752745482914 0.1331942428640541 0.713164582724392
0 0.41033995551125546 0.9576296424005 0.4012501346143932 0.9504475616918681 0.398295007656154 0.9622680695248249 0.4073848285530163 0.9694501502334568
0 0.5980159999335084 0.8079099017488152 0.5941593486934469 0.7839129606995424 0.5448786483803505 0.8089444275252405 0.5487352996204119 0.8329413685745134
0 0.6087929440052192 0.8634091669312405 0.5960933794188622 0.8521206650767009 0.5925254065112667 0.8648067909703739 0.6052249710976237 0.8760952928249135
0 0.8845352825069569 0.7703117153432228 0.852786371041064 0.7299956372912965 0.8460647546496364 0.7467249936432946 0.8778136661155292 0.7870410716952209
0 0.9469759737365588 0.45828057968474806 0.9202625695284337 0.427750974875462 0.9128550359816725 0.4482360059183568 0.9395684401897977 0.4787656107276429
0 0.7828979049261833 0.2839327055889003 0.7698959697544367 0.2839327055889003 0.7698959697544367 0.30543461388326143 0.7828979049261833 0.30543461388326143
0 0.9773156421519781 0.019725188631150817 0.9741619602717082 0.0054284974405940135 0.9493374460435047 0.022735348318644297 0.9524911279237745 0.0370320395092011
0 0.9911102900253606 0.27726710745578703 0.9827648618686116 0.2698489490942323 0.9805877936538074 0.2775896360802023 0.9889332218105564 0.28500779444175706
0 0.593976785321136 0.19900015962384676 0.5852685124619197 0.19383970163320008 0.583514763066661 0.20319303174124717 0.5922230359258772 0.20835348973189385
0 0.7130503218475029 0.2637209035898741 0.701439291368548 0.2533999876085805 0.6810595139132984 0.3258614185605772 0.6926705443922534 0.3361823345418708
0 0.512597323378427 0.6839546442736482 0.46453910363668255 0.6459827175641215 0.4565340761801865 0.6780028273901058 0.5045922959219309 0.7159747540996322